>ACP_1|1
0.091	0.0	0.0	0.0	0.0	0.091	0.0	0.122	0.061	0.122	0.0	0.03	0.03	0.0	0.03	0.061	0.03	0.0	0.03	0.0	0.06	0.063	0.053	0.051	0.074
>ACP_2|1
0.189	0.0	0.0	0.0	0.0	0.0	0.0	0.0	0.165	0.0	0.0	0.0	0.0	0.0	0.0	0.0	0.0	0.0	0.142	0.0	0.11	0.101	0.094	0.097	0.102
>ACP_3|1
0.19	0.0	0.0	0.0	0.047	0.0	0.0	0.0	0.19	0.19	0.0	0.0	0.0	0.0	0.0	0.0	0.0	0.0	0.0	0.0	0.08	0.111	0.069	0.026	0.098
>ACP_4|1
0.139	0.0	0.0	0.0	0.139	0.0	0.0	0.0	0.185	0.139	0.0	0.0	0.0	0.0	0.0	0.0	0.0	0.0	0.0	0.0	0.082	0.13	0.07	0.023	0.095
>ACP_5|1
0.154	0.0	0.0	0.0	0.039	0.0	0.0	0.193	0.193	0.039	0.0	0.0	0.0	0.0	0.0	0.0	0.0	0.0	0.0	0.0	0.082	0.11	0.05	0.041	0.099
>ACP_6|1
0.155	0.0	0.0	0.0	0.206	0.0	0.0	0.0	0.232	0.0	0.0	0.0	0.0	0.0	0.0	0.0	0.0	0.0	0.0	0.0	0.091	0.108	0.067	0.04	0.1
>ACP_7|1
0.188	0.0	0.0	0.0	0.094	0.0	0.0	0.0	0.188	0.141	0.0	0.0	0.0	0.0	0.0	0.0	0.0	0.0	0.0	0.0	0.083	0.113	0.078	0.022	0.093
>ACP_8|1
0.144	0.0	0.0	0.0	0.048	0.0	0.0	0.0	0.192	0.24	0.0	0.0	0.0	0.0	0.0	0.0	0.0	0.0	0.0	0.0	0.108	0.075	0.075	0.049	0.068
>ACP_9|1
0.141	0.0	0.0	0.0	0.094	0.0	0.0	0.0	0.188	0.188	0.0	0.0	0.0	0.0	0.0	0.0	0.0	0.0	0.0	0.0	0.082	0.118	0.072	0.032	0.087
>ACP_10|1
0.141	0.0	0.0	0.0	0.047	0.0	0.0	0.0	0.188	0.141	0.0	0.0	0.0	0.0	0.0	0.0	0.0	0.0	0.047	0.0	0.099	0.113	0.074	0.036	0.114
>ACP_11|1
0.227	0.0	0.0	0.0	0.057	0.0	0.0	0.0	0.17	0.17	0.0	0.0	0.0	0.0	0.0	0.0	0.0	0.0	0.0	0.0	0.073	0.099	0.072	0.04	0.091
>ACP_12|1
0.161	0.0	0.0	0.0	0.027	0.0	0.0	0.0	0.242	0.188	0.0	0.0	0.0	0.0	0.0	0.0	0.0	0.0	0.0	0.0	0.079	0.109	0.06	0.035	0.098
>ACP_13|1
0.169	0.0	0.0	0.0	0.056	0.0	0.0	0.0	0.169	0.225	0.0	0.0	0.0	0.0	0.0	0.0	0.0	0.0	0.0	0.0	0.073	0.106	0.059	0.046	0.097
>ACP_14|1
0.064	0.0	0.0	0.0	0.032	0.0	0.0	0.064	0.16	0.096	0.0	0.0	0.0	0.0	0.096	0.0	0.0	0.032	0.0	0.0	0.111	0.109	0.041	0.125	0.069
>ACP_15|1
0.11	0.0	0.0	0.0	0.11	0.055	0.055	0.0	0.055	0.275	0.0	0.0	0.0	0.0	0.0	0.055	0.0	0.0	0.0	0.0	0.05	0.088	0.058	0.036	0.054
>ACP_16|1
0.107	0.0	0.0	0.0	0.107	0.054	0.054	0.0	0.054	0.268	0.0	0.0	0.0	0.0	0.0	0.054	0.0	0.0	0.0	0.0	0.053	0.086	0.059	0.04	0.067
>ACP_17|1
0.069	0.0	0.0	0.023	0.069	0.092	0.0	0.069	0.046	0.115	0.0	0.0	0.046	0.023	0.0	0.161	0.023	0.023	0.0	0.0	0.045	0.067	0.046	0.033	0.048
>ACP_18|1
0.14	0.0	0.0	0.028	0.084	0.056	0.028	0.056	0.112	0.028	0.028	0.028	0.0	0.0	0.0	0.028	0.0	0.028	0.0	0.0	0.071	0.09	0.068	0.063	0.066
>ACP_19|1
0.055	0.027	0.0	0.0	0.055	0.109	0.027	0.055	0.109	0.027	0.027	0.027	0.0	0.027	0.0	0.027	0.0	0.027	0.027	0.0	0.076	0.088	0.07	0.063	0.074
>ACP_20|1
0.0	0.0	0.0	0.0	0.0	0.089	0.0	0.089	0.178	0.089	0.0	0.0	0.0	0.0	0.044	0.0	0.0	0.0	0.044	0.0	0.099	0.122	0.067	0.075	0.104
>ACP_21|1
0.0	0.0	0.0	0.0	0.0	0.05	0.05	0.05	0.198	0.149	0.0	0.0	0.0	0.0	0.0	0.05	0.0	0.0	0.05	0.0	0.092	0.11	0.077	0.033	0.093
>ACP_22|1
0.0	0.0	0.0	0.0	0.0	0.05	0.05	0.05	0.151	0.202	0.0	0.0	0.0	0.0	0.0	0.05	0.0	0.0	0.05	0.0	0.081	0.112	0.054	0.053	0.094
>ACP_23|1
0.0	0.0	0.0	0.0	0.0	0.049	0.049	0.049	0.196	0.147	0.049	0.0	0.0	0.0	0.0	0.0	0.0	0.0	0.049	0.0	0.09	0.119	0.043	0.059	0.101
>ACP_24|1
0.0	0.0	0.0	0.0	0.051	0.051	0.051	0.051	0.152	0.102	0.051	0.0	0.0	0.0	0.0	0.051	0.0	0.0	0.051	0.0	0.083	0.108	0.051	0.049	0.101
>ACP_25|1
0.0	0.0	0.0	0.0	0.0	0.049	0.0	0.049	0.195	0.147	0.049	0.0	0.0	0.0	0.0	0.049	0.0	0.0	0.049	0.0	0.08	0.125	0.062	0.048	0.098
>ACP_26|1
0.0	0.0	0.0	0.0	0.0	0.049	0.049	0.049	0.147	0.098	0.049	0.0	0.0	0.0	0.0	0.049	0.0	0.0	0.098	0.0	0.086	0.117	0.066	0.045	0.1
>ACP_27|1
0.0	0.0	0.0	0.0	0.0	0.052	0.052	0.052	0.156	0.156	0.052	0.0	0.0	0.0	0.0	0.0	0.052	0.0	0.052	0.0	0.077	0.104	0.06	0.047	0.09
>ACP_28|1
0.114	0.0	0.0	0.0	0.038	0.038	0.0	0.076	0.152	0.076	0.0	0.0	0.0	0.0	0.0	0.0	0.0	0.114	0.0	0.0	0.057	0.098	0.066	0.072	0.099
>ACP_29|1
0.079	0.0	0.0	0.0	0.04	0.079	0.0	0.079	0.119	0.079	0.0	0.0	0.0	0.0	0.0	0.04	0.0	0.119	0.0	0.0	0.063	0.097	0.049	0.062	0.095
>ACP_30|1
0.091	0.0	0.0	0.0	0.046	0.068	0.023	0.046	0.159	0.046	0.0	0.0	0.0	0.0	0.046	0.023	0.0	0.023	0.0	0.023	0.092	0.1	0.074	0.058	0.084
>ACP_31|1
0.0	0.0	0.0	0.0	0.0	0.05	0.05	0.099	0.099	0.099	0.05	0.0	0.0	0.0	0.05	0.05	0.0	0.0	0.05	0.0	0.085	0.127	0.054	0.04	0.098
>ACP_32|1
0.0	0.0	0.0	0.0	0.0	0.165	0.494	0.0	0.0	0.0	0.0	0.0	0.165	0.0	0.0	0.0	0.0	0.0	0.0	0.0	0.052	0.03	0.035	0.058	0.0
>ACP_33|1
0.0	0.0	0.0	0.0	0.0	0.0	0.0	0.043	0.043	0.043	0.0	0.0	0.085	0.0	0.128	0.0	0.0	0.0	0.171	0.0	0.094	0.09	0.085	0.117	0.102
>ACP_34|1
0.121	0.0	0.0	0.0	0.0	0.09	0.0	0.06	0.121	0.151	0.0	0.0	0.0	0.0	0.0	0.0	0.06	0.09	0.0	0.0	0.076	0.069	0.049	0.067	0.045
>ACP_35|1
0.0	0.041	0.0	0.0	0.082	0.0	0.0	0.0	0.247	0.0	0.0	0.0	0.082	0.0	0.0	0.0	0.0	0.0	0.124	0.0	0.057	0.063	0.097	0.082	0.125
>ACP_36|1
0.029	0.0	0.0	0.0	0.088	0.059	0.029	0.059	0.206	0.088	0.0	0.0	0.0	0.0	0.0	0.0	0.0	0.0	0.029	0.0	0.089	0.094	0.058	0.085	0.086
>ACP_37|1
0.147	0.0	0.0	0.0	0.0	0.0	0.0	0.0	0.196	0.196	0.0	0.0	0.0	0.0	0.0	0.0	0.0	0.0	0.049	0.0	0.082	0.074	0.085	0.083	0.088
>ACP_38|1
0.059	0.0	0.0	0.0	0.089	0.059	0.03	0.059	0.178	0.089	0.0	0.0	0.0	0.0	0.0	0.0	0.0	0.0	0.03	0.0	0.091	0.082	0.071	0.085	0.076
>ACP_39|1
0.061	0.0	0.0	0.0	0.091	0.061	0.03	0.061	0.182	0.091	0.0	0.0	0.0	0.0	0.0	0.0	0.0	0.0	0.03	0.0	0.081	0.084	0.066	0.081	0.078
>ACP_40|1
0.03	0.0	0.0	0.0	0.03	0.089	0.0	0.06	0.209	0.089	0.0	0.0	0.0	0.0	0.0	0.0	0.0	0.06	0.03	0.0	0.087	0.093	0.062	0.072	0.091
>ACP_41|1
0.092	0.0	0.0	0.0	0.0	0.0	0.0	0.0	0.276	0.184	0.0	0.0	0.0	0.0	0.0	0.0	0.0	0.0	0.0	0.046	0.083	0.114	0.051	0.042	0.111
>ACP_42|1
0.077	0.0	0.031	0.0	0.015	0.077	0.0	0.061	0.031	0.046	0.015	0.0	0.031	0.031	0.107	0.0	0.0	0.046	0.015	0.0	0.092	0.098	0.067	0.071	0.09
>ACP_43|1
0.046	0.0	0.046	0.0	0.023	0.023	0.023	0.0	0.07	0.07	0.023	0.046	0.023	0.023	0.046	0.046	0.0	0.023	0.07	0.023	0.071	0.085	0.078	0.07	0.069
>ACP_44|1
0.048	0.0	0.024	0.0	0.024	0.024	0.024	0.0	0.048	0.072	0.024	0.048	0.0	0.024	0.0	0.048	0.0	0.024	0.191	0.024	0.068	0.085	0.069	0.057	0.078
>ACP_45|1
0.0	0.0	0.0	0.0	0.0	0.038	0.0	0.115	0.23	0.038	0.0	0.038	0.0	0.0	0.0	0.0	0.0	0.077	0.038	0.0	0.095	0.111	0.046	0.07	0.104
>ACP_46|1
0.044	0.044	0.066	0.022	0.0	0.022	0.0	0.044	0.088	0.066	0.0	0.044	0.022	0.044	0.066	0.044	0.022	0.022	0.0	0.0	0.056	0.088	0.072	0.054	0.074
>ACP_47|1
0.03	0.03	0.0	0.03	0.03	0.03	0.0	0.0	0.091	0.03	0.03	0.0	0.03	0.03	0.091	0.0	0.0	0.0	0.091	0.0	0.093	0.083	0.09	0.111	0.079
>ACP_48|1
0.0	0.0	0.034	0.051	0.017	0.069	0.171	0.0	0.051	0.017	0.0	0.034	0.0	0.0	0.086	0.051	0.0	0.0	0.0	0.069	0.078	0.086	0.062	0.064	0.059
>ACP_49|1
0.101	0.05	0.0	0.025	0.0	0.05	0.0	0.05	0.151	0.126	0.025	0.025	0.0	0.0	0.0	0.025	0.05	0.0	0.0	0.0	0.068	0.075	0.043	0.053	0.08
>ACP_50|1
0.027	0.0	0.0	0.0	0.082	0.109	0.082	0.109	0.0	0.027	0.0	0.0	0.0	0.0	0.082	0.027	0.027	0.027	0.0	0.0	0.08	0.103	0.076	0.056	0.084
>ACP_51|1
0.082	0.0	0.0	0.0	0.054	0.082	0.0	0.054	0.136	0.082	0.0	0.0	0.027	0.027	0.0	0.027	0.0	0.054	0.027	0.0	0.056	0.081	0.07	0.056	0.085
>ACP_52|1
0.0	0.0	0.0	0.0	0.055	0.11	0.0	0.11	0.055	0.276	0.0	0.0	0.055	0.0	0.0	0.055	0.0	0.0	0.0	0.0	0.051	0.075	0.047	0.035	0.074
>ACP_53|1
0.106	0.071	0.0	0.0	0.071	0.071	0.0	0.071	0.106	0.071	0.035	0.0	0.035	0.0	0.0	0.0	0.035	0.035	0.0	0.0	0.046	0.078	0.057	0.05	0.062
>ACP_54|1
0.1	0.0	0.025	0.0	0.075	0.1	0.075	0.1	0.075	0.0	0.0	0.025	0.0	0.025	0.0	0.025	0.0	0.0	0.025	0.0	0.073	0.086	0.056	0.055	0.084
>ACP_55|1
0.0	0.0	0.041	0.0	0.041	0.041	0.0	0.041	0.041	0.081	0.02	0.041	0.142	0.0	0.061	0.0	0.02	0.02	0.0	0.061	0.08	0.059	0.077	0.071	0.063
>ACP_56|1
0.198	0.04	0.04	0.04	0.0	0.0	0.0	0.0	0.0	0.119	0.0	0.0	0.0	0.0	0.0	0.079	0.04	0.079	0.079	0.0	0.071	0.062	0.032	0.063	0.061
>ACP_57|1
0.0	0.0	0.0	0.0	0.05	0.099	0.0	0.099	0.0	0.199	0.0	0.0	0.05	0.0	0.05	0.05	0.0	0.05	0.0	0.0	0.062	0.088	0.059	0.054	0.09
>ACP_58|1
0.0	0.136	0.023	0.045	0.023	0.023	0.023	0.068	0.091	0.0	0.0	0.045	0.045	0.0	0.0	0.045	0.023	0.068	0.023	0.023	0.055	0.056	0.059	0.062	0.063
>ACP_59|1
0.0	0.0	0.0	0.0	0.086	0.043	0.129	0.043	0.086	0.0	0.0	0.043	0.0	0.129	0.0	0.0	0.0	0.129	0.0	0.0	0.078	0.061	0.043	0.067	0.063
>ACP_60|1
0.102	0.0	0.0	0.0	0.034	0.102	0.0	0.102	0.102	0.169	0.0	0.0	0.034	0.034	0.0	0.034	0.0	0.0	0.0	0.0	0.046	0.072	0.058	0.056	0.057
>ACP_61|1
0.0	0.0	0.0	0.0	0.055	0.11	0.0	0.11	0.055	0.22	0.0	0.0	0.055	0.0	0.0	0.055	0.0	0.055	0.0	0.0	0.05	0.077	0.048	0.038	0.074
>ACP_62|1
0.074	0.111	0.0	0.019	0.037	0.037	0.0	0.019	0.0	0.019	0.0	0.0	0.019	0.0	0.111	0.0	0.019	0.019	0.019	0.056	0.061	0.079	0.105	0.106	0.095
>ACP_63|1
0.13	0.0	0.0	0.019	0.056	0.056	0.0	0.0	0.149	0.037	0.019	0.019	0.0	0.056	0.0	0.0	0.019	0.074	0.0	0.019	0.068	0.101	0.073	0.035	0.073
>ACP_64|1
0.023	0.09	0.023	0.023	0.023	0.045	0.023	0.0	0.045	0.023	0.023	0.068	0.0	0.0	0.0	0.09	0.09	0.0	0.068	0.023	0.062	0.07	0.062	0.07	0.059
>ACP_65|1
0.076	0.0	0.0	0.0	0.025	0.076	0.025	0.051	0.076	0.127	0.0	0.0	0.076	0.051	0.025	0.025	0.0	0.051	0.0	0.0	0.064	0.075	0.06	0.039	0.074
>ACP_66|1
0.134	0.045	0.022	0.045	0.0	0.045	0.0	0.022	0.156	0.089	0.0	0.0	0.0	0.022	0.0	0.0	0.045	0.045	0.0	0.0	0.071	0.081	0.068	0.044	0.066
>ACP_67|1
0.0	0.0	0.065	0.129	0.065	0.065	0.065	0.0	0.0	0.065	0.065	0.0	0.129	0.0	0.0	0.0	0.0	0.065	0.0	0.0	0.046	0.072	0.059	0.053	0.059
>ACP_68|1
0.0	0.0	0.029	0.088	0.029	0.029	0.235	0.0	0.088	0.0	0.0	0.0	0.0	0.0	0.117	0.059	0.0	0.0	0.0	0.029	0.059	0.074	0.062	0.057	0.045
>ACP_69|1
0.066	0.0	0.0	0.0	0.132	0.066	0.0	0.0	0.099	0.066	0.0	0.0	0.033	0.0	0.0	0.033	0.0	0.165	0.0	0.0	0.074	0.08	0.07	0.041	0.076
>ACP_70|1
0.046	0.0	0.015	0.0	0.03	0.061	0.03	0.0	0.076	0.03	0.0	0.046	0.0	0.0	0.091	0.0	0.015	0.061	0.03	0.03	0.086	0.116	0.088	0.057	0.091
>ACP_71|1
0.0	0.098	0.0	0.0	0.196	0.049	0.0	0.098	0.098	0.0	0.0	0.0	0.049	0.0	0.0	0.0	0.049	0.049	0.0	0.0	0.062	0.08	0.05	0.057	0.064
>ACP_72|1
0.0	0.0	0.0	0.0	0.054	0.054	0.054	0.161	0.054	0.269	0.0	0.054	0.054	0.0	0.0	0.0	0.0	0.0	0.0	0.0	0.043	0.071	0.058	0.025	0.049
>ACP_73|1
0.115	0.0	0.033	0.066	0.033	0.049	0.0	0.099	0.049	0.016	0.0	0.016	0.016	0.049	0.049	0.016	0.016	0.016	0.0	0.0	0.07	0.088	0.055	0.059	0.086
>ACP_74|1
0.0	0.0	0.0	0.0	0.058	0.058	0.0	0.117	0.058	0.292	0.0	0.058	0.058	0.0	0.0	0.0	0.058	0.0	0.0	0.0	0.052	0.077	0.046	0.016	0.05
>ACP_75|1
0.113	0.057	0.0	0.0	0.057	0.0	0.0	0.057	0.085	0.057	0.0	0.0	0.057	0.0	0.028	0.028	0.028	0.113	0.0	0.0	0.061	0.078	0.067	0.04	0.075
>ACP_76|1
0.148	0.0	0.025	0.0	0.0	0.049	0.0	0.0	0.099	0.099	0.025	0.074	0.0	0.025	0.0	0.0	0.049	0.074	0.025	0.0	0.066	0.092	0.059	0.022	0.07
>ACP_77|1
0.022	0.044	0.044	0.0	0.044	0.089	0.022	0.089	0.089	0.067	0.022	0.022	0.067	0.0	0.0	0.022	0.067	0.0	0.0	0.0	0.061	0.069	0.049	0.044	0.066
>ACP_78|1
0.062	0.0	0.031	0.0	0.062	0.124	0.0	0.062	0.062	0.062	0.0	0.031	0.0	0.0	0.031	0.0	0.0	0.062	0.0	0.0	0.065	0.092	0.081	0.077	0.096
>ACP_79|1
0.0	0.117	0.039	0.0	0.02	0.059	0.02	0.0	0.098	0.059	0.0	0.039	0.059	0.059	0.02	0.078	0.039	0.0	0.0	0.02	0.061	0.054	0.051	0.056	0.056
>ACP_80|1
0.08	0.097	0.032	0.0	0.016	0.048	0.016	0.016	0.048	0.032	0.0	0.0	0.032	0.032	0.048	0.097	0.032	0.032	0.016	0.0	0.073	0.067	0.062	0.078	0.044
>ACP_81|1
0.0	0.0	0.035	0.0	0.017	0.052	0.017	0.105	0.052	0.0	0.0	0.07	0.087	0.052	0.052	0.017	0.035	0.017	0.035	0.0	0.069	0.076	0.079	0.069	0.06
>ACP_82|1
0.037	0.055	0.009	0.073	0.018	0.018	0.027	0.073	0.055	0.055	0.009	0.027	0.027	0.064	0.009	0.082	0.018	0.046	0.0	0.009	0.062	0.065	0.047	0.049	0.063
>ACP_83|1
0.09	0.06	0.0	0.0	0.06	0.03	0.0	0.06	0.119	0.119	0.0	0.0	0.06	0.0	0.0	0.03	0.03	0.06	0.0	0.0	0.053	0.073	0.052	0.033	0.073
>ACP_84|1
0.061	0.0	0.0	0.0	0.123	0.031	0.0	0.031	0.154	0.061	0.0	0.0	0.031	0.0	0.031	0.031	0.0	0.061	0.0	0.0	0.075	0.085	0.077	0.05	0.098
>ACP_85|1
0.189	0.0	0.0	0.038	0.075	0.038	0.075	0.038	0.038	0.038	0.0	0.0	0.038	0.0	0.0	0.0	0.0	0.151	0.0	0.0	0.057	0.067	0.049	0.048	0.062
>ACP_86|1
0.063	0.0	0.094	0.047	0.0	0.016	0.016	0.063	0.031	0.063	0.0	0.031	0.078	0.0	0.047	0.016	0.031	0.016	0.016	0.031	0.063	0.071	0.064	0.071	0.073
>ACP_87|1
0.085	0.057	0.0	0.0	0.085	0.0	0.0	0.085	0.085	0.057	0.0	0.0	0.057	0.0	0.028	0.057	0.028	0.057	0.0	0.0	0.064	0.08	0.061	0.034	0.082
>ACP_88|1
0.083	0.0	0.0	0.0	0.083	0.042	0.0	0.125	0.083	0.167	0.0	0.0	0.083	0.0	0.0	0.042	0.0	0.0	0.0	0.0	0.061	0.072	0.055	0.041	0.064
>ACP_89|1
0.096	0.048	0.024	0.0	0.0	0.12	0.024	0.048	0.048	0.0	0.0	0.096	0.024	0.024	0.0	0.024	0.048	0.048	0.0	0.048	0.054	0.064	0.047	0.059	0.058
>ACP_90|1
0.054	0.0	0.0	0.0	0.108	0.0	0.0	0.0	0.0	0.323	0.0	0.0	0.054	0.0	0.054	0.108	0.0	0.0	0.0	0.0	0.061	0.088	0.053	0.028	0.069
>ACP_91|1
0.055	0.089	0.044	0.0	0.011	0.089	0.0	0.044	0.044	0.044	0.022	0.022	0.033	0.022	0.044	0.055	0.044	0.022	0.0	0.011	0.057	0.055	0.061	0.064	0.064
>ACP_92|1
0.085	0.042	0.042	0.0	0.042	0.064	0.0	0.042	0.106	0.064	0.021	0.021	0.0	0.0	0.0	0.085	0.042	0.042	0.0	0.0	0.063	0.072	0.054	0.045	0.064
>ACP_93|1
0.086	0.172	0.0	0.017	0.0	0.12	0.0	0.017	0.0	0.017	0.0	0.034	0.034	0.017	0.069	0.052	0.017	0.0	0.0	0.052	0.064	0.054	0.055	0.056	0.066
>ACP_94|1
0.072	0.108	0.018	0.0	0.072	0.018	0.018	0.018	0.018	0.0	0.0	0.018	0.0	0.072	0.072	0.054	0.018	0.036	0.018	0.018	0.072	0.076	0.085	0.067	0.053
>ACP_95|1
0.02	0.0	0.04	0.02	0.02	0.04	0.141	0.0	0.08	0.02	0.0	0.04	0.0	0.0	0.08	0.06	0.0	0.0	0.0	0.08	0.071	0.085	0.075	0.071	0.055
>ACP_96|1
0.034	0.103	0.0	0.0	0.051	0.103	0.034	0.017	0.017	0.017	0.0	0.017	0.017	0.034	0.103	0.017	0.034	0.0	0.0	0.034	0.062	0.082	0.077	0.071	0.074
>ACP_97|1
0.038	0.0	0.0	0.0	0.154	0.038	0.038	0.077	0.077	0.115	0.0	0.0	0.038	0.038	0.0	0.038	0.038	0.0	0.0	0.0	0.066	0.078	0.057	0.032	0.075
>ACP_98|1
0.128	0.0	0.043	0.0	0.043	0.0	0.0	0.043	0.086	0.128	0.0	0.043	0.0	0.0	0.0	0.086	0.0	0.086	0.0	0.0	0.067	0.085	0.046	0.043	0.076
>ACP_99|1
0.065	0.032	0.0	0.016	0.0	0.129	0.0	0.048	0.032	0.016	0.032	0.065	0.0	0.016	0.032	0.065	0.016	0.032	0.032	0.032	0.07	0.067	0.072	0.064	0.065
>ACP_100|1
0.0	0.0	0.064	0.128	0.128	0.064	0.0	0.0	0.0	0.064	0.064	0.064	0.128	0.0	0.0	0.0	0.0	0.0	0.0	0.0	0.048	0.069	0.057	0.062	0.06
>ACP_101|1
0.08	0.0	0.069	0.149	0.034	0.011	0.011	0.011	0.057	0.057	0.023	0.011	0.023	0.057	0.034	0.023	0.011	0.011	0.0	0.011	0.063	0.069	0.062	0.056	0.064
>ACP_102|1
0.037	0.0	0.056	0.075	0.037	0.037	0.0	0.0	0.168	0.112	0.0	0.0	0.0	0.019	0.0	0.019	0.037	0.019	0.0	0.019	0.088	0.072	0.071	0.046	0.087
>ACP_103|1
0.033	0.099	0.0	0.033	0.017	0.066	0.0	0.017	0.116	0.05	0.0	0.033	0.0	0.0	0.05	0.017	0.017	0.033	0.0	0.033	0.079	0.069	0.08	0.072	0.087
>ACP_104|1
0.057	0.115	0.0	0.0	0.0	0.115	0.019	0.038	0.057	0.019	0.0	0.038	0.038	0.038	0.019	0.057	0.0	0.038	0.0	0.057	0.054	0.064	0.067	0.049	0.057
>ACP_105|1
0.038	0.058	0.0	0.019	0.038	0.058	0.0	0.038	0.058	0.038	0.038	0.038	0.058	0.019	0.038	0.077	0.0	0.019	0.019	0.0	0.082	0.071	0.061	0.065	0.068
>ACP_106|1
0.031	0.062	0.0	0.0	0.031	0.031	0.0	0.031	0.094	0.187	0.0	0.0	0.094	0.0	0.0	0.031	0.062	0.094	0.0	0.0	0.039	0.062	0.048	0.042	0.06
>ACP_107|1
0.031	0.0	0.0	0.0	0.061	0.122	0.122	0.122	0.0	0.092	0.0	0.0	0.0	0.0	0.031	0.031	0.0	0.092	0.0	0.0	0.065	0.07	0.053	0.042	0.066
>ACP_108|1
0.033	0.132	0.0	0.0	0.033	0.115	0.033	0.016	0.016	0.016	0.0	0.033	0.016	0.016	0.066	0.016	0.016	0.0	0.016	0.066	0.084	0.072	0.07	0.063	0.069
>ACP_109|1
0.0	0.0	0.0	0.0	0.054	0.107	0.0	0.107	0.054	0.215	0.0	0.054	0.0	0.0	0.0	0.107	0.0	0.0	0.0	0.0	0.057	0.081	0.05	0.025	0.089
>ACP_110|1
0.023	0.0	0.0	0.185	0.046	0.069	0.0	0.0	0.046	0.023	0.046	0.0	0.093	0.0	0.023	0.069	0.0	0.0	0.0	0.046	0.058	0.072	0.07	0.056	0.073
>ACP_111|1
0.091	0.0	0.03	0.03	0.03	0.091	0.0	0.061	0.091	0.061	0.03	0.03	0.0	0.0	0.0	0.0	0.03	0.091	0.0	0.0	0.063	0.081	0.063	0.049	0.076
>ACP_112|1
0.134	0.0	0.027	0.0	0.054	0.081	0.027	0.054	0.081	0.027	0.0	0.027	0.0	0.0	0.027	0.0	0.027	0.081	0.0	0.0	0.077	0.098	0.067	0.033	0.081
>ACP_113|1
0.107	0.0	0.027	0.0	0.027	0.054	0.0	0.08	0.134	0.027	0.0	0.027	0.0	0.027	0.0	0.054	0.027	0.027	0.027	0.0	0.068	0.097	0.068	0.047	0.078
>ACP_114|1
0.108	0.098	0.039	0.029	0.02	0.118	0.0	0.069	0.02	0.049	0.0	0.01	0.01	0.01	0.01	0.039	0.039	0.059	0.0	0.02	0.053	0.056	0.054	0.047	0.043
>ACP_115|1
0.155	0.0	0.044	0.0	0.0	0.067	0.022	0.044	0.089	0.067	0.022	0.0	0.0	0.022	0.0	0.022	0.044	0.067	0.022	0.0	0.059	0.085	0.055	0.049	0.063
>ACP_116|1
0.061	0.0	0.0	0.0	0.122	0.061	0.061	0.061	0.0	0.304	0.0	0.0	0.061	0.0	0.0	0.061	0.0	0.0	0.0	0.0	0.039	0.052	0.039	0.04	0.039
>ACP_117|1
0.026	0.103	0.039	0.013	0.039	0.077	0.039	0.0	0.064	0.013	0.0	0.0	0.026	0.051	0.026	0.09	0.013	0.039	0.013	0.026	0.058	0.063	0.055	0.067	0.062
>ACP_118|1
0.145	0.072	0.0	0.0	0.072	0.036	0.0	0.145	0.109	0.0	0.036	0.0	0.036	0.0	0.0	0.0	0.036	0.036	0.0	0.0	0.047	0.062	0.044	0.052	0.07
>ACP_119|1
0.05	0.0	0.025	0.0	0.099	0.074	0.074	0.0	0.074	0.05	0.0	0.0	0.05	0.025	0.0	0.074	0.074	0.025	0.0	0.025	0.068	0.047	0.057	0.056	0.054
>ACP_120|1
0.0	0.0	0.0	0.0	0.089	0.089	0.0	0.089	0.045	0.134	0.0	0.0	0.0	0.0	0.045	0.0	0.089	0.045	0.0	0.0	0.074	0.092	0.067	0.038	0.102
>ACP_121|1
0.047	0.047	0.012	0.023	0.035	0.035	0.012	0.023	0.07	0.023	0.012	0.023	0.012	0.012	0.094	0.059	0.012	0.023	0.012	0.012	0.067	0.094	0.084	0.074	0.082
>ACP_122|1
0.041	0.0	0.021	0.0	0.041	0.104	0.021	0.062	0.041	0.021	0.0	0.041	0.0	0.0	0.062	0.062	0.0	0.083	0.0	0.021	0.08	0.092	0.057	0.06	0.089
>ACP_123|1
0.074	0.0	0.0	0.0	0.037	0.148	0.0	0.0	0.037	0.185	0.0	0.037	0.0	0.0	0.037	0.037	0.0	0.037	0.0	0.0	0.083	0.08	0.059	0.056	0.091
>ACP_124|1
0.0	0.115	0.038	0.0	0.077	0.077	0.0	0.0	0.038	0.038	0.0	0.038	0.038	0.038	0.038	0.077	0.077	0.038	0.0	0.0	0.058	0.044	0.054	0.058	0.058
>ACP_125|1
0.058	0.0	0.0	0.0	0.058	0.058	0.0	0.058	0.058	0.288	0.0	0.0	0.0	0.0	0.0	0.115	0.058	0.0	0.0	0.0	0.053	0.08	0.043	0.022	0.053
>ACP_126|1
0.069	0.0	0.034	0.017	0.017	0.069	0.017	0.051	0.069	0.034	0.017	0.069	0.017	0.017	0.034	0.051	0.0	0.051	0.017	0.017	0.063	0.079	0.055	0.064	0.07
>ACP_127|1
0.227	0.0	0.0	0.0	0.076	0.038	0.038	0.114	0.038	0.076	0.0	0.038	0.038	0.0	0.0	0.038	0.0	0.038	0.0	0.0	0.044	0.063	0.044	0.032	0.059
>ACP_128|1
0.042	0.028	0.014	0.028	0.0	0.085	0.014	0.042	0.056	0.014	0.0	0.071	0.028	0.014	0.028	0.0	0.014	0.042	0.056	0.042	0.074	0.079	0.076	0.083	0.069
>ACP_129|1
0.147	0.059	0.0	0.0	0.029	0.059	0.0	0.088	0.117	0.029	0.029	0.0	0.029	0.0	0.0	0.0	0.059	0.029	0.0	0.029	0.052	0.08	0.061	0.045	0.058
>non-ACP_1|0
0.068	0.0	0.0	0.034	0.017	0.119	0.0	0.017	0.153	0.085	0.0	0.0	0.017	0.0	0.017	0.017	0.0	0.068	0.0	0.0	0.075	0.095	0.073	0.061	0.082
>non-ACP_2|0
0.052	0.0	0.0	0.035	0.017	0.121	0.0	0.017	0.139	0.087	0.0	0.0	0.017	0.0	0.017	0.017	0.017	0.052	0.0	0.017	0.074	0.099	0.068	0.07	0.083
>non-ACP_3|0
0.074	0.037	0.037	0.0	0.037	0.092	0.0	0.037	0.11	0.074	0.018	0.0	0.0	0.037	0.0	0.055	0.037	0.037	0.0	0.0	0.067	0.082	0.054	0.041	0.075
>non-ACP_4|0
0.072	0.048	0.024	0.0	0.0	0.072	0.0	0.048	0.097	0.145	0.0	0.072	0.0	0.048	0.0	0.072	0.0	0.0	0.0	0.0	0.06	0.073	0.059	0.039	0.069
>non-ACP_5|0
0.131	0.044	0.022	0.0	0.0	0.087	0.0	0.044	0.087	0.109	0.0	0.044	0.0	0.044	0.0	0.065	0.022	0.022	0.0	0.0	0.061	0.062	0.057	0.042	0.059
>non-ACP_6|0
0.074	0.037	0.037	0.0	0.019	0.093	0.0	0.019	0.111	0.093	0.0	0.0	0.0	0.037	0.0	0.037	0.056	0.074	0.0	0.0	0.068	0.082	0.056	0.037	0.073
>non-ACP_7|0
0.066	0.0	0.0	0.0	0.022	0.088	0.022	0.0	0.11	0.066	0.0	0.0	0.066	0.022	0.066	0.022	0.022	0.022	0.0	0.022	0.079	0.078	0.085	0.053	0.09
>non-ACP_8|0
0.015	0.0	0.03	0.045	0.045	0.075	0.015	0.06	0.045	0.015	0.0	0.0	0.03	0.015	0.104	0.03	0.03	0.03	0.03	0.015	0.085	0.086	0.06	0.077	0.065
>non-ACP_9|0
0.016	0.0	0.032	0.032	0.032	0.064	0.0	0.08	0.048	0.048	0.0	0.0	0.0	0.032	0.144	0.016	0.0	0.0	0.0	0.0	0.093	0.119	0.076	0.059	0.11
>non-ACP_10|0
0.071	0.035	0.035	0.0	0.035	0.089	0.0	0.035	0.106	0.106	0.0	0.0	0.0	0.018	0.018	0.053	0.018	0.035	0.0	0.0	0.075	0.086	0.066	0.045	0.071
>non-ACP_11|0
0.113	0.075	0.0	0.0	0.038	0.038	0.0	0.075	0.038	0.113	0.0	0.038	0.038	0.038	0.0	0.0	0.075	0.038	0.0	0.038	0.049	0.059	0.043	0.042	0.055
>non-ACP_12|0
0.069	0.0	0.0	0.046	0.011	0.057	0.0	0.034	0.091	0.057	0.034	0.0	0.057	0.046	0.034	0.023	0.0	0.08	0.0	0.0	0.079	0.091	0.06	0.039	0.091
>non-ACP_13|0
0.0	0.109	0.0	0.018	0.018	0.091	0.018	0.018	0.036	0.055	0.0	0.0	0.018	0.0	0.128	0.0	0.018	0.018	0.0	0.036	0.08	0.078	0.071	0.102	0.085
>non-ACP_14|0
0.085	0.042	0.042	0.0	0.0	0.085	0.0	0.042	0.106	0.127	0.021	0.021	0.0	0.021	0.0	0.064	0.021	0.021	0.0	0.0	0.068	0.067	0.048	0.06	0.058
>non-ACP_15|0
0.089	0.044	0.022	0.0	0.0	0.066	0.0	0.022	0.089	0.155	0.0	0.066	0.0	0.022	0.0	0.089	0.044	0.022	0.0	0.0	0.06	0.066	0.043	0.045	0.056
>non-ACP_16|0
0.049	0.025	0.0	0.0	0.0	0.074	0.0	0.049	0.098	0.172	0.0	0.025	0.0	0.0	0.098	0.0	0.0	0.0	0.0	0.0	0.088	0.128	0.072	0.032	0.092
>non-ACP_17|0
0.102	0.026	0.026	0.0	0.0	0.077	0.0	0.0	0.051	0.077	0.0	0.0	0.0	0.0	0.051	0.051	0.0	0.051	0.026	0.051	0.08	0.08	0.095	0.086	0.071
>non-ACP_18|0
0.0	0.067	0.033	0.0	0.0	0.2	0.0	0.0	0.067	0.167	0.0	0.0	0.0	0.0	0.0	0.067	0.0	0.1	0.0	0.0	0.055	0.063	0.049	0.053	0.077
>non-ACP_19|0
0.0	0.0	0.046	0.046	0.046	0.061	0.0	0.046	0.046	0.092	0.0	0.0	0.0	0.031	0.092	0.061	0.0	0.0	0.0	0.0	0.086	0.1	0.066	0.072	0.109
>non-ACP_20|0
0.037	0.0	0.0	0.0	0.037	0.184	0.037	0.0	0.037	0.148	0.037	0.037	0.0	0.0	0.0	0.074	0.0	0.111	0.0	0.0	0.057	0.07	0.053	0.031	0.052
>non-ACP_21|0
0.0	0.0	0.0	0.026	0.026	0.026	0.0	0.052	0.105	0.105	0.052	0.026	0.0	0.026	0.026	0.052	0.0	0.026	0.078	0.0	0.075	0.063	0.073	0.075	0.087
>non-ACP_22|0
0.085	0.0	0.028	0.028	0.0	0.113	0.0	0.028	0.085	0.113	0.0	0.0	0.028	0.028	0.0	0.057	0.028	0.085	0.0	0.0	0.054	0.066	0.049	0.052	0.07
>non-ACP_23|0
0.016	0.094	0.031	0.031	0.016	0.063	0.016	0.016	0.047	0.063	0.0	0.047	0.094	0.0	0.031	0.031	0.047	0.031	0.0	0.031	0.06	0.072	0.06	0.048	0.056
>non-ACP_24|0
0.0	0.0	0.0	0.0	0.0	0.045	0.045	0.0	0.045	0.045	0.0	0.134	0.223	0.0	0.089	0.0	0.045	0.045	0.0	0.0	0.078	0.04	0.061	0.061	0.046
>non-ACP_25|0
0.0	0.0	0.0	0.0	0.0	0.043	0.0	0.0	0.043	0.043	0.0	0.087	0.217	0.0	0.087	0.0	0.087	0.043	0.0	0.043	0.085	0.044	0.062	0.066	0.049
>non-ACP_26|0
0.039	0.051	0.013	0.013	0.013	0.026	0.0	0.039	0.039	0.0	0.013	0.013	0.051	0.077	0.103	0.051	0.013	0.051	0.026	0.0	0.066	0.073	0.061	0.09	0.08
>non-ACP_27|0
0.019	0.058	0.0	0.019	0.0	0.058	0.039	0.019	0.058	0.039	0.0	0.0	0.097	0.019	0.039	0.097	0.175	0.0	0.0	0.019	0.057	0.05	0.032	0.058	0.046
>non-ACP_28|0
0.0	0.06	0.0	0.0	0.0	0.06	0.0	0.06	0.09	0.0	0.03	0.03	0.06	0.03	0.09	0.03	0.03	0.03	0.0	0.03	0.051	0.077	0.068	0.084	0.092
>non-ACP_29|0
0.022	0.129	0.032	0.032	0.011	0.065	0.011	0.011	0.119	0.032	0.0	0.032	0.032	0.0	0.032	0.065	0.011	0.011	0.0	0.032	0.066	0.058	0.064	0.067	0.065
>non-ACP_30|0
0.0	0.0	0.0	0.031	0.0	0.093	0.031	0.031	0.031	0.031	0.0	0.031	0.062	0.031	0.031	0.062	0.0	0.093	0.031	0.031	0.064	0.097	0.08	0.078	0.062
>non-ACP_31|0
0.0	0.14	0.023	0.023	0.0	0.094	0.0	0.0	0.047	0.07	0.0	0.047	0.0	0.0	0.023	0.023	0.14	0.047	0.0	0.047	0.051	0.052	0.064	0.056	0.054
>non-ACP_32|0
0.042	0.139	0.014	0.042	0.014	0.042	0.014	0.042	0.097	0.028	0.0	0.014	0.056	0.014	0.028	0.014	0.056	0.014	0.014	0.0	0.067	0.076	0.062	0.065	0.049
>non-ACP_33|0
0.033	0.0	0.033	0.0	0.1	0.1	0.0	0.033	0.0	0.0	0.0	0.033	0.067	0.033	0.067	0.033	0.067	0.033	0.0	0.0	0.088	0.078	0.077	0.057	0.065
>non-ACP_34|0
0.048	0.0	0.048	0.0	0.0	0.096	0.016	0.048	0.064	0.032	0.0	0.048	0.0	0.032	0.048	0.032	0.016	0.048	0.032	0.016	0.076	0.088	0.058	0.066	0.086
>non-ACP_35|0
0.089	0.0	0.03	0.0	0.06	0.089	0.0	0.0	0.119	0.089	0.03	0.06	0.03	0.0	0.0	0.0	0.0	0.06	0.0	0.0	0.062	0.086	0.061	0.057	0.079
>non-ACP_36|0
0.113	0.038	0.0	0.019	0.038	0.094	0.019	0.0	0.094	0.113	0.019	0.019	0.0	0.019	0.0	0.038	0.057	0.019	0.0	0.0	0.06	0.074	0.061	0.042	0.064
>non-ACP_37|0
0.072	0.0	0.0	0.0	0.0	0.108	0.0	0.036	0.108	0.108	0.036	0.0	0.0	0.0	0.0	0.036	0.036	0.144	0.0	0.0	0.066	0.088	0.068	0.025	0.068
>non-ACP_38|0
0.137	0.046	0.023	0.023	0.0	0.046	0.023	0.023	0.091	0.091	0.0	0.023	0.0	0.0	0.023	0.023	0.069	0.046	0.0	0.0	0.065	0.082	0.061	0.047	0.059
>non-ACP_39|0
0.081	0.0	0.054	0.027	0.0	0.081	0.027	0.054	0.108	0.134	0.0	0.0	0.0	0.0	0.0	0.054	0.0	0.054	0.0	0.0	0.066	0.081	0.061	0.047	0.074
>non-ACP_40|0
0.053	0.0	0.053	0.026	0.0	0.106	0.026	0.053	0.106	0.106	0.0	0.0	0.0	0.0	0.0	0.026	0.0	0.106	0.0	0.0	0.066	0.084	0.063	0.046	0.08
>non-ACP_41|0
0.137	0.034	0.0	0.0	0.0	0.137	0.0	0.034	0.068	0.068	0.0	0.068	0.0	0.0	0.0	0.0	0.068	0.034	0.034	0.0	0.066	0.06	0.053	0.059	0.077
>non-ACP_42|0
0.093	0.047	0.047	0.07	0.016	0.008	0.054	0.031	0.023	0.054	0.016	0.054	0.016	0.039	0.031	0.016	0.047	0.023	0.0	0.016	0.063	0.06	0.06	0.06	0.058
>non-ACP_43|0
0.023	0.0	0.045	0.023	0.023	0.09	0.158	0.023	0.113	0.0	0.0	0.023	0.0	0.023	0.045	0.023	0.0	0.045	0.0	0.0	0.071	0.066	0.073	0.071	0.063
>non-ACP_44|0
0.0	0.0	0.026	0.0	0.052	0.052	0.052	0.052	0.0	0.0	0.0	0.052	0.183	0.052	0.078	0.026	0.026	0.0	0.0	0.026	0.056	0.055	0.069	0.078	0.061
>non-ACP_45|0
0.024	0.0	0.047	0.0	0.0	0.0	0.024	0.024	0.095	0.166	0.024	0.0	0.0	0.024	0.071	0.0	0.024	0.071	0.0	0.0	0.088	0.1	0.071	0.073	0.075
>non-ACP_46|0
0.123	0.0	0.0	0.0	0.041	0.082	0.0	0.123	0.082	0.205	0.0	0.041	0.041	0.0	0.0	0.0	0.0	0.0	0.0	0.0	0.055	0.068	0.046	0.037	0.056
>non-ACP_47|0
0.046	0.0	0.0	0.046	0.0	0.092	0.0	0.092	0.046	0.23	0.0	0.046	0.0	0.0	0.0	0.046	0.046	0.046	0.0	0.0	0.051	0.08	0.051	0.029	0.053
>non-ACP_48|0
0.0	0.057	0.0	0.0	0.0	0.085	0.0	0.057	0.142	0.085	0.0	0.0	0.0	0.028	0.0	0.028	0.057	0.142	0.0	0.0	0.058	0.09	0.066	0.046	0.06
>non-ACP_49|0
0.079	0.0	0.0	0.0	0.0	0.039	0.039	0.079	0.118	0.118	0.039	0.0	0.0	0.0	0.0	0.0	0.079	0.079	0.0	0.0	0.08	0.069	0.038	0.051	0.09
>non-ACP_50|0
0.017	0.0	0.034	0.069	0.017	0.052	0.0	0.052	0.017	0.052	0.0	0.034	0.103	0.0	0.121	0.034	0.034	0.0	0.0	0.0	0.074	0.064	0.09	0.062	0.071
>non-ACP_51|0
0.0	0.067	0.0	0.033	0.0	0.1	0.0	0.067	0.0	0.067	0.0	0.0	0.1	0.1	0.0	0.033	0.1	0.067	0.0	0.033	0.05	0.048	0.049	0.036	0.049
>non-ACP_52|0
0.231	0.0	0.026	0.0	0.026	0.09	0.013	0.051	0.013	0.103	0.013	0.0	0.013	0.013	0.013	0.026	0.064	0.013	0.026	0.013	0.052	0.054	0.052	0.043	0.054
>non-ACP_53|0
0.0	0.123	0.025	0.025	0.0	0.049	0.049	0.025	0.049	0.049	0.0	0.098	0.0	0.025	0.0	0.074	0.025	0.049	0.049	0.0	0.061	0.049	0.061	0.06	0.056
>non-ACP_54|0
0.024	0.0	0.048	0.024	0.024	0.121	0.169	0.048	0.097	0.0	0.024	0.0	0.0	0.048	0.024	0.024	0.0	0.024	0.0	0.0	0.06	0.05	0.064	0.064	0.062
>non-ACP_55|0
0.146	0.0	0.0	0.097	0.0	0.049	0.0	0.049	0.049	0.097	0.0	0.0	0.049	0.097	0.0	0.049	0.049	0.0	0.0	0.0	0.041	0.046	0.062	0.054	0.067
>non-ACP_56|0
0.041	0.0	0.0	0.0	0.041	0.02	0.0	0.041	0.061	0.122	0.02	0.0	0.02	0.0	0.122	0.041	0.0	0.0	0.0	0.0	0.079	0.095	0.098	0.103	0.099
>non-ACP_57|0
0.031	0.0	0.015	0.015	0.015	0.031	0.046	0.077	0.046	0.062	0.015	0.0	0.015	0.046	0.093	0.062	0.031	0.015	0.0	0.0	0.067	0.076	0.076	0.067	0.095
>non-ACP_58|0
0.024	0.0	0.0	0.0	0.048	0.024	0.024	0.024	0.072	0.096	0.024	0.0	0.024	0.024	0.096	0.024	0.048	0.024	0.0	0.024	0.064	0.066	0.083	0.099	0.086
>non-ACP_59|0
0.0	0.0	0.022	0.044	0.11	0.0	0.022	0.0	0.022	0.088	0.0	0.0	0.066	0.066	0.11	0.022	0.0	0.0	0.022	0.0	0.069	0.078	0.065	0.088	0.105
>non-ACP_60|0
0.061	0.061	0.046	0.0	0.015	0.061	0.0	0.03	0.061	0.03	0.0	0.046	0.061	0.015	0.061	0.061	0.03	0.015	0.0	0.015	0.058	0.075	0.065	0.073	0.062
>non-ACP_61|0
0.025	0.059	0.025	0.042	0.042	0.033	0.017	0.025	0.017	0.042	0.017	0.017	0.033	0.033	0.1	0.042	0.008	0.008	0.008	0.025	0.073	0.085	0.081	0.064	0.079
>non-ACP_62|0
0.192	0.0	0.023	0.0	0.0	0.079	0.023	0.045	0.034	0.079	0.0	0.011	0.034	0.011	0.011	0.011	0.023	0.068	0.045	0.0	0.062	0.063	0.066	0.057	0.062
>non-ACP_63|0
0.0	0.108	0.027	0.013	0.013	0.094	0.04	0.0	0.04	0.067	0.013	0.013	0.013	0.0	0.081	0.027	0.04	0.027	0.0	0.013	0.074	0.069	0.083	0.079	0.061
>non-ACP_64|0
0.015	0.091	0.0	0.015	0.03	0.061	0.015	0.015	0.0	0.061	0.0	0.045	0.045	0.03	0.076	0.03	0.015	0.061	0.015	0.015	0.075	0.077	0.077	0.07	0.066
>non-ACP_65|0
0.034	0.154	0.017	0.0	0.0	0.034	0.0	0.0	0.034	0.034	0.0	0.017	0.137	0.034	0.103	0.034	0.0	0.0	0.017	0.0	0.074	0.067	0.054	0.074	0.078
>non-ACP_66|0
0.0	0.108	0.0	0.0	0.027	0.134	0.054	0.027	0.054	0.054	0.0	0.0	0.027	0.0	0.054	0.108	0.027	0.0	0.0	0.0	0.062	0.07	0.067	0.063	0.065
>non-ACP_67|0
0.018	0.109	0.018	0.018	0.0	0.018	0.018	0.018	0.036	0.109	0.0	0.0	0.0	0.055	0.073	0.036	0.018	0.036	0.0	0.036	0.085	0.073	0.075	0.057	0.092
>non-ACP_68|0
0.03	0.015	0.015	0.015	0.015	0.0	0.015	0.03	0.03	0.09	0.015	0.045	0.0	0.015	0.03	0.12	0.03	0.12	0.03	0.03	0.067	0.073	0.057	0.057	0.055
>non-ACP_69|0
0.023	0.016	0.023	0.047	0.016	0.047	0.023	0.062	0.008	0.055	0.016	0.086	0.023	0.023	0.039	0.039	0.047	0.039	0.023	0.023	0.071	0.066	0.061	0.069	0.054
>non-ACP_70|0
0.054	0.039	0.039	0.054	0.039	0.031	0.008	0.023	0.031	0.054	0.008	0.008	0.046	0.015	0.039	0.046	0.039	0.093	0.0	0.015	0.06	0.063	0.064	0.063	0.069
>non-ACP_71|0
0.048	0.04	0.032	0.048	0.032	0.04	0.016	0.032	0.024	0.048	0.008	0.032	0.048	0.016	0.04	0.04	0.048	0.088	0.0	0.016	0.058	0.051	0.063	0.063	0.067
>non-ACP_72|0
0.073	0.0	0.0	0.029	0.015	0.015	0.0	0.044	0.088	0.044	0.029	0.029	0.059	0.029	0.029	0.0	0.044	0.015	0.029	0.073	0.08	0.077	0.081	0.062	0.056
>non-ACP_73|0
0.0	0.062	0.021	0.0	0.062	0.052	0.021	0.031	0.01	0.103	0.021	0.0	0.041	0.021	0.062	0.072	0.0	0.062	0.01	0.01	0.073	0.071	0.063	0.063	0.071
>non-ACP_74|0
0.025	0.075	0.037	0.062	0.0	0.05	0.075	0.012	0.062	0.025	0.0	0.025	0.025	0.012	0.025	0.05	0.062	0.05	0.0	0.037	0.061	0.057	0.061	0.055	0.057
>non-ACP_75|0
0.026	0.0	0.044	0.009	0.018	0.114	0.018	0.026	0.053	0.018	0.0	0.053	0.053	0.061	0.044	0.026	0.026	0.026	0.026	0.009	0.073	0.065	0.072	0.062	0.078
>non-ACP_76|0
0.028	0.0	0.046	0.018	0.009	0.064	0.037	0.028	0.037	0.009	0.0	0.073	0.055	0.037	0.046	0.046	0.037	0.046	0.037	0.0	0.07	0.067	0.071	0.067	0.074
>non-ACP_77|0
0.044	0.0	0.029	0.044	0.015	0.073	0.0	0.029	0.088	0.015	0.015	0.029	0.088	0.029	0.0	0.044	0.029	0.058	0.0	0.058	0.064	0.059	0.06	0.068	0.063
>non-ACP_78|0
0.163	0.082	0.027	0.0	0.068	0.082	0.014	0.0	0.014	0.068	0.0	0.027	0.054	0.027	0.027	0.054	0.027	0.014	0.0	0.0	0.047	0.05	0.053	0.052	0.05
>non-ACP_79|0
0.057	0.028	0.0	0.014	0.028	0.113	0.0	0.028	0.028	0.0	0.0	0.057	0.014	0.028	0.042	0.099	0.028	0.071	0.014	0.028	0.063	0.062	0.068	0.057	0.072
>non-ACP_80|0
0.093	0.0	0.027	0.067	0.013	0.013	0.013	0.013	0.12	0.053	0.0	0.027	0.013	0.093	0.0	0.027	0.04	0.053	0.0	0.013	0.063	0.082	0.053	0.047	0.076
>non-ACP_81|0
0.019	0.112	0.0	0.019	0.037	0.075	0.019	0.0	0.0	0.019	0.0	0.019	0.0	0.0	0.112	0.075	0.056	0.056	0.0	0.0	0.062	0.074	0.082	0.082	0.082
>non-ACP_82|0
0.074	0.088	0.029	0.015	0.015	0.074	0.015	0.015	0.044	0.044	0.0	0.029	0.0	0.0	0.059	0.029	0.015	0.074	0.0	0.015	0.076	0.068	0.072	0.085	0.065
>non-ACP_83|0
0.089	0.089	0.015	0.03	0.03	0.074	0.03	0.03	0.015	0.059	0.0	0.015	0.0	0.0	0.074	0.044	0.015	0.03	0.0	0.0	0.059	0.074	0.08	0.08	0.07
>non-ACP_84|0
0.017	0.102	0.0	0.017	0.017	0.068	0.0	0.017	0.0	0.034	0.0	0.0	0.0	0.0	0.153	0.017	0.034	0.017	0.0	0.051	0.089	0.08	0.094	0.097	0.095
>non-ACP_85|0
0.0	0.172	0.0	0.0	0.034	0.137	0.0	0.0	0.0	0.034	0.0	0.034	0.069	0.0	0.0	0.172	0.103	0.034	0.034	0.0	0.039	0.034	0.037	0.037	0.03
>non-ACP_86|0
0.166	0.0	0.018	0.037	0.018	0.037	0.0	0.037	0.037	0.037	0.0	0.018	0.037	0.037	0.055	0.018	0.037	0.055	0.018	0.0	0.069	0.076	0.05	0.059	0.082
>non-ACP_87|0
0.026	0.026	0.038	0.0	0.051	0.051	0.013	0.026	0.051	0.026	0.013	0.038	0.026	0.077	0.051	0.051	0.038	0.026	0.0	0.038	0.072	0.067	0.066	0.063	0.067
>non-ACP_88|0
0.0	0.0	0.0	0.0	0.059	0.078	0.0	0.02	0.039	0.02	0.0	0.039	0.196	0.059	0.039	0.0	0.02	0.039	0.02	0.039	0.072	0.063	0.063	0.063	0.075
>non-ACP_89|0
0.242	0.0	0.0	0.0	0.0	0.0	0.0	0.0	0.162	0.202	0.0	0.0	0.0	0.0	0.0	0.0	0.0	0.04	0.0	0.0	0.084	0.1	0.054	0.03	0.086
>non-ACP_90|0
0.028	0.009	0.051	0.032	0.014	0.074	0.009	0.042	0.051	0.032	0.009	0.06	0.028	0.014	0.023	0.065	0.037	0.037	0.032	0.023	0.065	0.068	0.065	0.062	0.07
>non-ACP_91|0
0.041	0.0	0.0	0.0	0.041	0.082	0.0	0.0	0.0	0.164	0.041	0.0	0.0	0.0	0.123	0.0	0.0	0.041	0.0	0.0	0.101	0.118	0.077	0.052	0.117
>non-ACP_92|0
0.0	0.113	0.0	0.0	0.028	0.085	0.0	0.0	0.0	0.028	0.0	0.0	0.0	0.0	0.17	0.0	0.0	0.057	0.0	0.028	0.076	0.09	0.091	0.124	0.11
>non-ACP_93|0
0.046	0.0	0.0	0.092	0.046	0.0	0.0	0.0	0.0	0.092	0.046	0.0	0.046	0.0	0.092	0.0	0.0	0.0	0.046	0.046	0.113	0.096	0.072	0.068	0.097
>non-ACP_94|0
0.093	0.0	0.0	0.093	0.046	0.0	0.0	0.0	0.0	0.093	0.046	0.0	0.093	0.0	0.046	0.0	0.0	0.046	0.046	0.0	0.089	0.106	0.044	0.077	0.082
>non-ACP_95|0
0.0	0.0	0.0	0.0	0.0	0.0	0.0	0.0	0.144	0.325	0.0	0.0	0.0	0.0	0.072	0.0	0.0	0.0	0.0	0.0	0.102	0.131	0.057	0.042	0.127
>non-ACP_96|0
0.035	0.0	0.035	0.035	0.035	0.035	0.0	0.0	0.035	0.035	0.017	0.017	0.0	0.017	0.209	0.035	0.0	0.017	0.017	0.017	0.07	0.095	0.068	0.069	0.107
>non-ACP_97|0
0.248	0.0	0.0	0.0	0.0	0.0	0.0	0.0	0.248	0.0	0.0	0.0	0.0	0.0	0.0	0.0	0.0	0.0	0.083	0.0	0.081	0.116	0.059	0.055	0.11
>non-ACP_98|0
0.119	0.0	0.024	0.0	0.072	0.096	0.0	0.024	0.0	0.024	0.024	0.0	0.0	0.072	0.096	0.0	0.024	0.024	0.0	0.0	0.093	0.083	0.056	0.086	0.086
>non-ACP_99|0
0.101	0.0	0.0	0.0	0.101	0.05	0.0	0.0	0.101	0.252	0.0	0.05	0.0	0.0	0.0	0.0	0.0	0.0	0.0	0.0	0.068	0.089	0.057	0.046	0.085
>non-ACP_100|0
0.082	0.0	0.0	0.055	0.0	0.11	0.0	0.0	0.0	0.11	0.0	0.0	0.027	0.055	0.055	0.082	0.082	0.0	0.027	0.0	0.073	0.071	0.071	0.057	0.041
>non-ACP_101|0
0.115	0.026	0.051	0.013	0.032	0.096	0.0	0.006	0.006	0.038	0.0	0.026	0.026	0.019	0.019	0.07	0.083	0.077	0.013	0.006	0.059	0.057	0.055	0.058	0.049
>non-ACP_102|0
0.059	0.03	0.0	0.03	0.0	0.03	0.0	0.059	0.089	0.03	0.03	0.03	0.0	0.059	0.207	0.0	0.0	0.0	0.0	0.0	0.069	0.058	0.073	0.068	0.082
>non-ACP_103|0
0.048	0.0	0.048	0.048	0.048	0.0	0.048	0.048	0.0	0.097	0.0	0.0	0.0	0.048	0.0	0.048	0.097	0.0	0.048	0.048	0.06	0.064	0.059	0.068	0.07
>non-ACP_104|0
0.049	0.013	0.019	0.032	0.049	0.023	0.013	0.013	0.032	0.097	0.019	0.026	0.023	0.065	0.032	0.042	0.039	0.055	0.016	0.013	0.067	0.07	0.063	0.064	0.063
>non-ACP_105|0
0.182	0.227	0.0	0.0	0.0	0.272	0.0	0.0	0.0	0.0	0.0	0.0	0.0	0.0	0.0	0.0	0.227	0.0	0.0	0.0	0.016	0.019	0.015	0.023	0.019
>non-ACP_106|0
0.269	0.161	0.0	0.0	0.0	0.269	0.0	0.0	0.0	0.0	0.0	0.0	0.0	0.0	0.0	0.0	0.215	0.0	0.0	0.0	0.018	0.014	0.02	0.016	0.017
>non-ACP_107|0
0.0	0.0	0.0	0.0	0.0	0.034	0.0	0.31	0.276	0.0	0.0	0.0	0.0	0.0	0.0	0.0	0.0	0.0	0.0	0.0	0.074	0.144	0.078	0.009	0.074
>non-ACP_108|0
0.159	0.0	0.0	0.0	0.032	0.0	0.0	0.0	0.255	0.159	0.0	0.0	0.0	0.0	0.0	0.0	0.0	0.0	0.0	0.0	0.082	0.109	0.057	0.054	0.094
>non-ACP_109|0
0.043	0.0	0.043	0.043	0.0	0.0	0.0	0.043	0.259	0.13	0.13	0.043	0.0	0.0	0.043	0.0	0.0	0.0	0.0	0.0	0.021	0.033	0.043	0.055	0.071
>non-ACP_110|0
0.0	0.0	0.0	0.0	0.0	0.0	0.0	0.0	0.245	0.342	0.0	0.0	0.0	0.0	0.0	0.0	0.0	0.0	0.0	0.0	0.11	0.06	0.1	0.056	0.086
>non-ACP_111|0
0.051	0.051	0.0	0.0	0.051	0.0	0.051	0.0	0.051	0.0	0.0	0.0	0.051	0.0	0.051	0.051	0.102	0.0	0.0	0.152	0.057	0.069	0.073	0.05	0.091