>1|0
0.066	0.0	0.013	0.013	0.013	0.053	0.0	0.066	0.092	0.013	0.0	0.013	0.013	0.039	0.013	0.0	0.013	0.053	0.013	0.0	0.057	0.06	0.038	0.048	0.061	0.044	0.041	0.057	0.053	0.054
>2|0
0.108	0.043	0.0	0.0	0.065	0.022	0.0	0.065	0.086	0.043	0.0	0.0	0.043	0.0	0.0	0.022	0.0	0.022	0.0	0.0	0.035	0.053	0.044	0.033	0.054	0.055	0.042	0.042	0.068	0.055
>3|0
0.032	0.0	0.0	0.0	0.065	0.0	0.0	0.0	0.13	0.065	0.0	0.0	0.0	0.0	0.0	0.0	0.0	0.0	0.065	0.0	0.066	0.067	0.055	0.019	0.083	0.083	0.038	0.046	0.093	0.094
>4|0
0.034	0.0	0.034	0.017	0.017	0.017	0.017	0.0	0.052	0.052	0.017	0.034	0.017	0.017	0.069	0.034	0.0	0.017	0.0	0.017	0.043	0.059	0.056	0.041	0.053	0.058	0.055	0.054	0.047	0.068
>5|0
0.041	0.0	0.0	0.02	0.061	0.081	0.02	0.041	0.081	0.02	0.02	0.02	0.0	0.0	0.0	0.041	0.0	0.02	0.0	0.0	0.053	0.067	0.05	0.045	0.049	0.059	0.05	0.057	0.058	0.043
>6|0
0.148	0.0	0.0	0.0	0.021	0.0	0.0	0.0	0.169	0.106	0.0	0.0	0.0	0.0	0.0	0.0	0.0	0.0	0.0	0.0	0.065	0.056	0.042	0.043	0.064	0.054	0.058	0.041	0.079	0.054
>7|0
0.034	0.0	0.034	0.0	0.017	0.0	0.017	0.0	0.05	0.05	0.017	0.034	0.017	0.017	0.05	0.034	0.0	0.017	0.05	0.017	0.051	0.062	0.051	0.046	0.058	0.057	0.049	0.055	0.061	0.055
>8|0
0.02	0.121	0.0	0.02	0.0	0.04	0.0	0.081	0.02	0.0	0.0	0.02	0.04	0.0	0.02	0.081	0.02	0.06	0.02	0.02	0.038	0.041	0.049	0.031	0.048	0.039	0.044	0.037	0.046	0.042
>9|0
0.0	0.0	0.0	0.0	0.0	0.065	0.0	0.065	0.097	0.065	0.0	0.0	0.0	0.0	0.032	0.032	0.0	0.0	0.032	0.0	0.073	0.085	0.033	0.046	0.081	0.086	0.017	0.075	0.093	0.023
>10|0
0.103	0.0	0.0	0.0	0.034	0.0	0.0	0.0	0.137	0.172	0.0	0.0	0.0	0.0	0.0	0.0	0.0	0.0	0.0	0.0	0.078	0.058	0.043	0.041	0.052	0.077	0.025	0.074	0.035	0.07
>11|0
0.101	0.0	0.0	0.0	0.0	0.0	0.0	0.0	0.134	0.134	0.0	0.0	0.0	0.0	0.0	0.0	0.0	0.067	0.0	0.0	0.055	0.084	0.046	0.015	0.069	0.083	0.023	0.02	0.082	0.084
>12|0
0.077	0.0	0.0	0.019	0.0	0.096	0.019	0.038	0.077	0.096	0.0	0.0	0.0	0.0	0.0	0.038	0.038	0.0	0.0	0.019	0.048	0.06	0.051	0.032	0.047	0.052	0.048	0.038	0.054	0.05
>13|0
0.066	0.044	0.0	0.0	0.066	0.022	0.0	0.11	0.088	0.044	0.0	0.0	0.044	0.0	0.0	0.022	0.022	0.0	0.0	0.0	0.037	0.054	0.04	0.027	0.054	0.059	0.044	0.033	0.062	0.06
>14|0
0.066	0.0	0.0	0.022	0.022	0.044	0.044	0.022	0.044	0.089	0.0	0.0	0.044	0.0	0.0	0.022	0.0	0.133	0.0	0.0	0.038	0.056	0.038	0.034	0.044	0.055	0.04	0.034	0.049	0.059
>15|0
0.031	0.0	0.0	0.0	0.031	0.125	0.062	0.031	0.0	0.125	0.0	0.0	0.031	0.0	0.0	0.062	0.0	0.156	0.0	0.0	0.036	0.053	0.022	0.021	0.041	0.044	0.03	0.022	0.033	0.045
>16|0
0.074	0.008	0.008	0.016	0.025	0.049	0.008	0.041	0.049	0.041	0.008	0.025	0.0	0.041	0.016	0.008	0.033	0.058	0.008	0.0	0.048	0.055	0.042	0.045	0.053	0.044	0.039	0.053	0.054	0.051
>17|0
0.108	0.0	0.0	0.0	0.036	0.0	0.0	0.0	0.144	0.144	0.0	0.0	0.0	0.0	0.0	0.0	0.0	0.0	0.0	0.0	0.062	0.074	0.057	0.041	0.032	0.073	0.045	0.048	0.068	0.068
>18|0
0.0	0.123	0.0	0.021	0.021	0.062	0.0	0.082	0.021	0.0	0.0	0.021	0.041	0.0	0.021	0.123	0.0	0.062	0.0	0.021	0.039	0.039	0.044	0.032	0.044	0.036	0.039	0.033	0.038	0.041
>19|0
0.0	0.0	0.029	0.0	0.058	0.0	0.0	0.058	0.058	0.029	0.0	0.0	0.0	0.029	0.086	0.0	0.0	0.029	0.0	0.0	0.068	0.09	0.051	0.034	0.084	0.05	0.017	0.083	0.115	0.032
>20|0
0.027	0.0	0.0	0.0	0.027	0.027	0.0	0.053	0.159	0.053	0.0	0.0	0.0	0.0	0.0	0.0	0.0	0.08	0.0	0.0	0.062	0.093	0.034	0.031	0.093	0.066	0.016	0.062	0.081	0.036
>21|0
0.0	0.0	0.0	0.0	0.0	0.0	0.0	0.0	0.029	0.029	0.0	0.0	0.0	0.0	0.115	0.0	0.0	0.029	0.115	0.0	0.084	0.109	0.039	0.057	0.101	0.078	0.012	0.078	0.115	0.01
>22|0
0.06	0.089	0.0	0.015	0.015	0.045	0.0	0.045	0.0	0.015	0.0	0.0	0.015	0.015	0.06	0.0	0.015	0.0	0.015	0.045	0.052	0.054	0.068	0.069	0.06	0.058	0.057	0.053	0.047	0.035
>23|0
0.0	0.0	0.0	0.047	0.023	0.023	0.0	0.047	0.093	0.023	0.047	0.047	0.023	0.0	0.047	0.0	0.0	0.023	0.0	0.0	0.063	0.064	0.05	0.059	0.074	0.035	0.043	0.064	0.048	0.057
>24|0
0.089	0.0	0.0	0.0	0.03	0.0	0.0	0.0	0.207	0.118	0.0	0.0	0.0	0.0	0.0	0.0	0.0	0.0	0.0	0.0	0.066	0.089	0.03	0.041	0.102	0.05	0.019	0.081	0.075	0.002
>25|0
0.0	0.0	0.0	0.026	0.0	0.052	0.0	0.026	0.026	0.052	0.103	0.0	0.026	0.0	0.078	0.026	0.026	0.0	0.0	0.0	0.029	0.039	0.067	0.072	0.089	0.071	0.065	0.049	0.041	0.037
>26|0
0.0	0.0	0.0	0.0	0.0	0.0	0.0	0.0	0.152	0.253	0.0	0.0	0.0	0.0	0.0	0.0	0.0	0.0	0.0	0.025	0.063	0.078	0.036	0.03	0.084	0.081	0.017	0.053	0.08	0.047
>27|0
0.11	0.0	0.0	0.0	0.0	0.037	0.0	0.11	0.037	0.183	0.037	0.0	0.037	0.0	0.0	0.11	0.0	0.0	0.0	0.0	0.044	0.036	0.019	0.032	0.033	0.031	0.029	0.035	0.047	0.038
>28|0
0.0	0.0	0.039	0.039	0.0	0.039	0.039	0.0	0.0	0.077	0.039	0.0	0.0	0.0	0.0	0.039	0.0	0.0	0.116	0.039	0.038	0.049	0.072	0.081	0.093	0.045	0.035	0.033	0.034	0.058
>29|0
0.034	0.0	0.0	0.0	0.068	0.137	0.0	0.102	0.034	0.102	0.034	0.0	0.034	0.0	0.0	0.034	0.0	0.0	0.0	0.0	0.039	0.052	0.024	0.019	0.049	0.059	0.028	0.027	0.067	0.056
>30|0
0.084	0.209	0.0	0.0	0.0	0.251	0.0	0.0	0.0	0.0	0.0	0.0	0.0	0.0	0.0	0.0	0.293	0.0	0.0	0.0	0.018	0.012	0.019	0.022	0.017	0.018	0.013	0.015	0.013	0.016
>31|0
0.032	0.0	0.0	0.0	0.0	0.095	0.063	0.032	0.0	0.19	0.0	0.0	0.032	0.032	0.0	0.063	0.032	0.095	0.0	0.0	0.032	0.047	0.023	0.023	0.043	0.041	0.019	0.023	0.041	0.043
>32|0
0.0	0.0	0.0	0.0	0.0	0.022	0.0	0.263	0.175	0.0	0.0	0.0	0.0	0.0	0.0	0.0	0.0	0.0	0.0	0.0	0.047	0.09	0.086	0.045	0.002	0.047	0.09	0.084	0.045	0.004
>33|0
0.06	0.0	0.03	0.0	0.03	0.09	0.03	0.12	0.06	0.03	0.0	0.0	0.0	0.0	0.0	0.03	0.0	0.03	0.0	0.0	0.044	0.069	0.044	0.03	0.056	0.064	0.052	0.041	0.048	0.044
>34|0
0.02	0.0	0.0	0.0	0.061	0.041	0.0	0.041	0.164	0.041	0.0	0.0	0.0	0.0	0.0	0.0	0.0	0.0	0.02	0.0	0.069	0.062	0.056	0.064	0.046	0.04	0.07	0.06	0.07	0.073
>35|0
0.02	0.118	0.0	0.02	0.02	0.079	0.0	0.079	0.039	0.0	0.0	0.02	0.039	0.0	0.02	0.059	0.02	0.039	0.0	0.02	0.041	0.035	0.05	0.036	0.046	0.036	0.043	0.035	0.046	0.043
>36|0
0.0	0.0	0.033	0.066	0.033	0.0	0.0	0.0	0.033	0.099	0.0	0.033	0.033	0.033	0.0	0.066	0.033	0.0	0.033	0.0	0.051	0.068	0.045	0.037	0.065	0.06	0.028	0.054	0.052	0.045
>37|0
0.071	0.0	0.035	0.0	0.0	0.035	0.0	0.018	0.071	0.053	0.018	0.053	0.0	0.018	0.0	0.0	0.035	0.071	0.018	0.0	0.047	0.072	0.044	0.018	0.052	0.066	0.044	0.03	0.058	0.074
>38|0
0.114	0.0	0.0	0.019	0.0	0.095	0.0	0.019	0.076	0.095	0.0	0.019	0.0	0.0	0.0	0.019	0.0	0.038	0.0	0.019	0.05	0.058	0.052	0.028	0.049	0.055	0.053	0.031	0.05	0.059
>39|0
0.178	0.0	0.0	0.0	0.022	0.0	0.0	0.0	0.067	0.022	0.022	0.0	0.022	0.0	0.045	0.0	0.0	0.0	0.022	0.0	0.077	0.059	0.068	0.04	0.067	0.063	0.053	0.042	0.051	0.078
>40|0
0.135	0.0	0.0	0.0	0.019	0.0	0.0	0.0	0.174	0.116	0.0	0.0	0.0	0.0	0.0	0.0	0.0	0.0	0.0	0.0	0.054	0.078	0.041	0.031	0.068	0.072	0.028	0.048	0.088	0.048
>41|0
0.042	0.126	0.0	0.021	0.0	0.042	0.0	0.084	0.042	0.0	0.0	0.021	0.042	0.0	0.0	0.042	0.042	0.042	0.021	0.021	0.037	0.035	0.045	0.043	0.046	0.043	0.04	0.042	0.041	0.041
>42|0
0.037	0.0	0.0	0.0	0.055	0.0	0.0	0.0	0.221	0.074	0.0	0.0	0.0	0.0	0.0	0.0	0.018	0.0	0.018	0.0	0.064	0.078	0.053	0.039	0.063	0.073	0.033	0.048	0.069	0.057
>43|0
0.0	0.06	0.0	0.03	0.03	0.091	0.06	0.0	0.0	0.03	0.0	0.03	0.0	0.0	0.03	0.0	0.091	0.0	0.03	0.03	0.052	0.042	0.047	0.05	0.061	0.029	0.038	0.05	0.044	0.074
>44|0
0.075	0.0	0.0	0.0	0.019	0.0	0.0	0.0	0.207	0.094	0.0	0.0	0.0	0.0	0.0	0.0	0.0	0.0	0.019	0.0	0.064	0.085	0.05	0.025	0.07	0.07	0.036	0.047	0.086	0.055
>45|0
0.022	0.0	0.045	0.0	0.0	0.0	0.0	0.0	0.0	0.134	0.0	0.0	0.0	0.0	0.134	0.0	0.0	0.0	0.0	0.0	0.061	0.119	0.062	0.009	0.065	0.114	0.06	0.015	0.063	0.097
>46|0
0.0	0.0	0.0	0.0	0.0	0.0	0.0	0.0	0.031	0.031	0.0	0.0	0.0	0.0	0.189	0.0	0.0	0.031	0.063	0.0	0.09	0.104	0.038	0.057	0.11	0.078	0.013	0.094	0.059	0.011
>47|0
0.037	0.0	0.0	0.0	0.056	0.056	0.0	0.037	0.167	0.037	0.0	0.0	0.0	0.0	0.0	0.0	0.0	0.019	0.0	0.0	0.06	0.074	0.043	0.037	0.082	0.064	0.039	0.061	0.089	0.042
>48|0
0.177	0.0	0.0	0.0	0.0	0.0	0.0	0.0	0.159	0.0	0.0	0.0	0.0	0.0	0.0	0.0	0.0	0.0	0.053	0.0	0.063	0.085	0.049	0.05	0.071	0.075	0.041	0.038	0.077	0.062
>49|0
0.033	0.0	0.0	0.065	0.033	0.0	0.0	0.0	0.0	0.033	0.033	0.0	0.033	0.0	0.065	0.0	0.0	0.0	0.065	0.033	0.076	0.075	0.048	0.048	0.076	0.1	0.02	0.085	0.062	0.019
>50|0
0.032	0.0	0.032	0.0	0.032	0.095	0.0	0.063	0.063	0.063	0.0	0.0	0.0	0.0	0.0	0.032	0.0	0.095	0.0	0.0	0.044	0.071	0.035	0.035	0.071	0.064	0.044	0.061	0.05	0.02
>51|0
0.0	0.0	0.0	0.0	0.081	0.0	0.016	0.032	0.0	0.032	0.0	0.0	0.13	0.0	0.114	0.0	0.0	0.0	0.0	0.016	0.064	0.063	0.072	0.043	0.048	0.059	0.041	0.062	0.044	0.08
>52|0
0.032	0.0	0.032	0.0	0.032	0.095	0.0	0.032	0.063	0.095	0.0	0.0	0.0	0.0	0.0	0.0	0.032	0.095	0.0	0.0	0.045	0.072	0.04	0.033	0.063	0.067	0.045	0.052	0.056	0.023
>53|0
0.0	0.0	0.0	0.0	0.0	0.042	0.0	0.084	0.167	0.042	0.0	0.0	0.0	0.0	0.042	0.042	0.042	0.0	0.0	0.0	0.051	0.083	0.078	0.071	0.055	0.033	0.032	0.082	0.056	0.0
>54|0
0.068	0.0	0.0	0.0	0.034	0.034	0.0	0.034	0.068	0.0	0.0	0.034	0.0	0.0	0.034	0.034	0.0	0.0	0.0	0.068	0.07	0.058	0.056	0.046	0.049	0.081	0.019	0.048	0.073	0.092
>55|0
0.0	0.0	0.0	0.0	0.0	0.0	0.0	0.0	0.2	0.155	0.0	0.0	0.067	0.0	0.0	0.0	0.0	0.0	0.022	0.0	0.055	0.085	0.048	0.03	0.061	0.058	0.03	0.053	0.085	0.051
>56|0
0.13	0.0	0.0	0.0	0.0	0.0	0.0	0.0	0.13	0.13	0.0	0.0	0.0	0.0	0.0	0.13	0.0	0.0	0.0	0.0	0.052	0.071	0.056	0.0	0.051	0.071	0.056	0.0	0.051	0.071
>57|0
0.135	0.0	0.0	0.0	0.034	0.0	0.0	0.0	0.135	0.135	0.0	0.0	0.0	0.0	0.0	0.0	0.0	0.0	0.0	0.0	0.057	0.078	0.042	0.032	0.052	0.08	0.068	0.007	0.063	0.084
>58|0
0.0	0.0	0.0	0.0	0.059	0.0	0.0	0.0	0.178	0.0	0.0	0.0	0.059	0.0	0.0	0.0	0.0	0.0	0.089	0.0	0.036	0.043	0.073	0.07	0.107	0.086	0.091	0.056	0.051	0.0
>59|0
0.038	0.0	0.038	0.0	0.0	0.0	0.013	0.0	0.038	0.102	0.0	0.0	0.0	0.013	0.089	0.013	0.0	0.025	0.0	0.013	0.068	0.064	0.06	0.051	0.062	0.058	0.054	0.053	0.071	0.077
>60|0
0.155	0.0	0.0	0.0	0.039	0.0	0.0	0.0	0.117	0.155	0.0	0.0	0.0	0.0	0.0	0.0	0.0	0.0	0.0	0.0	0.055	0.06	0.055	0.034	0.067	0.061	0.054	0.065	0.041	0.043
>61|0
0.089	0.045	0.0	0.0	0.0	0.0	0.045	0.045	0.0	0.0	0.045	0.0	0.134	0.0	0.0	0.045	0.0	0.045	0.089	0.0	0.068	0.031	0.072	0.022	0.07	0.021	0.063	0.02	0.039	0.014
>62|0
0.0	0.034	0.0	0.0	0.0	0.103	0.0	0.034	0.0	0.103	0.0	0.0	0.034	0.0	0.034	0.069	0.0	0.069	0.0	0.034	0.048	0.06	0.052	0.044	0.051	0.075	0.055	0.045	0.021	0.032
>63|0
0.131	0.0	0.016	0.0	0.0	0.066	0.016	0.016	0.066	0.082	0.033	0.0	0.0	0.033	0.0	0.016	0.066	0.0	0.016	0.0	0.045	0.058	0.037	0.036	0.046	0.05	0.042	0.045	0.044	0.04
>64|0
0.036	0.072	0.012	0.0	0.0	0.048	0.0	0.036	0.048	0.024	0.0	0.036	0.06	0.0	0.036	0.06	0.06	0.0	0.0	0.024	0.046	0.052	0.042	0.046	0.038	0.039	0.046	0.056	0.044	0.04
>65|0
0.063	0.042	0.0	0.0	0.021	0.042	0.0	0.0	0.106	0.085	0.0	0.042	0.0	0.042	0.0	0.063	0.0	0.021	0.0	0.0	0.056	0.052	0.053	0.025	0.051	0.051	0.054	0.036	0.037	0.055
>66|0
0.0	0.0	0.0	0.0	0.0	0.059	0.015	0.015	0.118	0.132	0.0	0.015	0.015	0.015	0.0	0.0	0.015	0.015	0.015	0.044	0.049	0.064	0.043	0.045	0.065	0.058	0.035	0.045	0.065	0.059
>67|0
0.029	0.0	0.029	0.0	0.029	0.029	0.0	0.058	0.117	0.058	0.0	0.0	0.0	0.0	0.0	0.029	0.0	0.087	0.0	0.0	0.051	0.083	0.042	0.042	0.083	0.059	0.02	0.054	0.071	0.029
>68|0
0.031	0.0	0.0	0.062	0.031	0.0	0.0	0.0	0.0	0.062	0.0	0.0	0.031	0.0	0.062	0.0	0.0	0.0	0.062	0.031	0.075	0.074	0.04	0.051	0.083	0.088	0.027	0.097	0.075	0.015
>69|0
0.021	0.0	0.0	0.0	0.062	0.042	0.021	0.042	0.146	0.042	0.0	0.0	0.0	0.0	0.0	0.021	0.0	0.0	0.021	0.0	0.061	0.065	0.048	0.065	0.052	0.037	0.066	0.065	0.057	0.067
>70|0
0.122	0.0	0.0	0.0	0.031	0.0	0.0	0.0	0.153	0.122	0.0	0.0	0.0	0.0	0.0	0.0	0.0	0.0	0.0	0.0	0.055	0.081	0.049	0.017	0.06	0.088	0.047	0.028	0.065	0.081
>71|0
0.041	0.041	0.0	0.0	0.041	0.0	0.0	0.061	0.123	0.102	0.0	0.0	0.02	0.0	0.0	0.02	0.02	0.0	0.0	0.02	0.056	0.066	0.048	0.025	0.053	0.063	0.052	0.025	0.059	0.062
>72|0
0.04	0.119	0.0	0.02	0.0	0.04	0.0	0.06	0.02	0.02	0.02	0.079	0.06	0.0	0.0	0.04	0.04	0.04	0.02	0.02	0.034	0.036	0.043	0.04	0.041	0.033	0.037	0.034	0.039	0.028
>73|0
0.056	0.0	0.028	0.0	0.056	0.056	0.0	0.028	0.056	0.028	0.0	0.028	0.0	0.0	0.0	0.0	0.056	0.112	0.0	0.0	0.047	0.062	0.033	0.04	0.063	0.061	0.037	0.038	0.07	0.044
>74|0
0.072	0.0	0.0	0.0	0.018	0.054	0.036	0.0	0.09	0.036	0.0	0.0	0.0	0.0	0.018	0.0	0.036	0.036	0.036	0.018	0.06	0.08	0.04	0.042	0.071	0.047	0.047	0.071	0.058	0.033
>75|0
0.019	0.0	0.0	0.0	0.057	0.057	0.075	0.075	0.038	0.038	0.019	0.0	0.0	0.0	0.057	0.0	0.019	0.019	0.0	0.0	0.039	0.06	0.057	0.058	0.061	0.059	0.046	0.052	0.057	0.041
>76|0
0.032	0.016	0.032	0.016	0.032	0.016	0.0	0.0	0.032	0.016	0.016	0.0	0.0	0.016	0.113	0.032	0.016	0.0	0.016	0.016	0.034	0.036	0.041	0.05	0.06	0.057	0.065	0.077	0.071	0.088
>77|0
0.214	0.171	0.0	0.0	0.0	0.342	0.0	0.0	0.0	0.0	0.0	0.0	0.0	0.0	0.0	0.0	0.128	0.0	0.0	0.0	0.011	0.009	0.011	0.012	0.012	0.014	0.016	0.017	0.021	0.021
>78|0
0.131	0.0	0.0	0.0	0.098	0.0	0.0	0.0	0.131	0.066	0.0	0.0	0.0	0.0	0.0	0.0	0.0	0.0	0.0	0.0	0.062	0.08	0.061	0.013	0.065	0.079	0.05	0.023	0.068	0.074
>79|0
0.0	0.109	0.018	0.054	0.018	0.073	0.0	0.018	0.054	0.018	0.0	0.018	0.036	0.018	0.0	0.036	0.018	0.018	0.018	0.018	0.052	0.049	0.05	0.048	0.052	0.035	0.043	0.037	0.042	0.048
>80|0
0.0	0.0	0.0	0.0	0.0	0.0	0.0	0.028	0.028	0.028	0.0	0.0	0.084	0.0	0.056	0.0	0.0	0.0	0.14	0.0	0.065	0.046	0.063	0.076	0.049	0.079	0.039	0.058	0.07	0.089
>81|0
0.0	0.0	0.0	0.0	0.0	0.065	0.032	0.065	0.097	0.065	0.0	0.0	0.0	0.0	0.032	0.0	0.0	0.0	0.032	0.0	0.064	0.075	0.046	0.058	0.08	0.083	0.037	0.052	0.093	0.023
>82|0
0.035	0.0	0.0	0.0	0.07	0.07	0.0	0.07	0.035	0.141	0.0	0.0	0.035	0.0	0.0	0.106	0.0	0.035	0.0	0.0	0.034	0.048	0.023	0.023	0.046	0.052	0.028	0.034	0.066	0.048
>83|0
0.031	0.0	0.015	0.015	0.015	0.015	0.015	0.0	0.031	0.046	0.015	0.031	0.0	0.015	0.046	0.031	0.0	0.015	0.061	0.015	0.054	0.071	0.049	0.044	0.066	0.059	0.048	0.064	0.056	0.076
>84|0
0.022	0.027	0.022	0.011	0.005	0.027	0.0	0.016	0.022	0.033	0.011	0.011	0.016	0.033	0.071	0.027	0.044	0.038	0.005	0.011	0.056	0.061	0.046	0.042	0.06	0.065	0.051	0.043	0.064	0.057
>85|0
0.078	0.0	0.0	0.0	0.026	0.026	0.0	0.052	0.052	0.052	0.0	0.0	0.0	0.0	0.052	0.0	0.0	0.078	0.0	0.0	0.047	0.081	0.056	0.061	0.08	0.056	0.019	0.051	0.075	0.058
>86|0
0.0	0.0	0.074	0.0	0.074	0.037	0.0	0.037	0.074	0.074	0.0	0.0	0.0	0.0	0.0	0.037	0.0	0.074	0.0	0.0	0.053	0.085	0.049	0.029	0.068	0.078	0.04	0.024	0.063	0.028
>87|0
0.022	0.086	0.022	0.011	0.0	0.022	0.0	0.043	0.054	0.011	0.0	0.032	0.032	0.0	0.043	0.043	0.043	0.011	0.011	0.022	0.051	0.058	0.051	0.047	0.038	0.053	0.047	0.054	0.05	0.046
>88|0
0.031	0.0	0.031	0.0	0.031	0.094	0.0	0.063	0.063	0.063	0.0	0.0	0.0	0.0	0.0	0.031	0.0	0.094	0.0	0.0	0.043	0.068	0.033	0.036	0.073	0.065	0.045	0.06	0.052	0.023
>89|0
0.0	0.154	0.0	0.0	0.0	0.026	0.026	0.0	0.026	0.051	0.0	0.051	0.0	0.026	0.051	0.077	0.0	0.0	0.026	0.0	0.053	0.053	0.037	0.062	0.053	0.047	0.038	0.052	0.048	0.042
>90|0
0.096	0.0	0.0	0.0	0.0	0.0	0.0	0.0	0.058	0.019	0.019	0.0	0.019	0.0	0.096	0.0	0.0	0.0	0.038	0.0	0.061	0.087	0.052	0.044	0.087	0.076	0.044	0.057	0.085	0.061
>91|0
0.067	0.0	0.067	0.034	0.0	0.0	0.0	0.134	0.034	0.067	0.0	0.067	0.0	0.0	0.0	0.0	0.034	0.0	0.0	0.034	0.053	0.04	0.047	0.055	0.032	0.056	0.026	0.057	0.054	0.043
>92|0
0.031	0.0	0.031	0.0	0.031	0.094	0.0	0.031	0.063	0.094	0.0	0.0	0.0	0.0	0.0	0.031	0.0	0.094	0.0	0.0	0.048	0.072	0.039	0.041	0.069	0.065	0.04	0.045	0.059	0.022
>93|0
0.124	0.0	0.0	0.025	0.05	0.05	0.05	0.025	0.025	0.05	0.0	0.0	0.025	0.025	0.0	0.025	0.0	0.099	0.0	0.0	0.046	0.056	0.035	0.035	0.051	0.053	0.035	0.034	0.04	0.046
>94|0
0.027	0.0	0.0	0.0	0.054	0.0	0.0	0.081	0.135	0.081	0.0	0.0	0.027	0.0	0.0	0.027	0.0	0.027	0.0	0.0	0.056	0.079	0.03	0.026	0.076	0.071	0.024	0.051	0.079	0.048
>95|0
0.104	0.0	0.0	0.0	0.035	0.0	0.0	0.0	0.174	0.104	0.0	0.0	0.0	0.0	0.0	0.0	0.0	0.0	0.0	0.0	0.06	0.087	0.033	0.038	0.081	0.049	0.02	0.049	0.099	0.066
>96|0
0.02	0.122	0.0	0.02	0.02	0.061	0.0	0.082	0.041	0.0	0.0	0.041	0.041	0.0	0.0	0.102	0.0	0.061	0.0	0.02	0.035	0.037	0.041	0.032	0.039	0.036	0.036	0.033	0.038	0.042
>97|0
0.03	0.0	0.03	0.0	0.03	0.06	0.03	0.12	0.06	0.03	0.0	0.0	0.0	0.0	0.0	0.06	0.0	0.06	0.0	0.0	0.044	0.07	0.042	0.032	0.055	0.068	0.052	0.033	0.046	0.047
>98|0
0.054	0.0	0.0	0.0	0.036	0.072	0.072	0.072	0.036	0.036	0.0	0.0	0.0	0.0	0.054	0.0	0.0	0.0	0.018	0.0	0.045	0.055	0.053	0.057	0.058	0.059	0.053	0.063	0.06	0.047
>99|0
0.0	0.0	0.0	0.0	0.068	0.034	0.0	0.068	0.034	0.068	0.0	0.034	0.0	0.0	0.034	0.034	0.0	0.034	0.0	0.034	0.044	0.057	0.047	0.054	0.042	0.052	0.051	0.066	0.054	0.095
>100|0
0.061	0.0	0.0	0.0	0.0	0.183	0.0	0.0	0.0	0.183	0.0	0.0	0.061	0.061	0.0	0.061	0.061	0.0	0.0	0.0	0.03	0.034	0.034	0.03	0.025	0.05	0.042	0.045	0.037	0.003
>101|0
0.0	0.0	0.0	0.0	0.0	0.026	0.0	0.104	0.13	0.026	0.0	0.026	0.0	0.0	0.0	0.0	0.0	0.078	0.026	0.0	0.062	0.075	0.044	0.066	0.048	0.043	0.063	0.039	0.06	0.086
>102|0
0.047	0.037	0.042	0.0	0.037	0.042	0.005	0.026	0.011	0.016	0.0	0.069	0.042	0.005	0.047	0.011	0.047	0.016	0.0	0.011	0.051	0.048	0.047	0.049	0.049	0.051	0.045	0.048	0.051	0.05
>103|0
0.082	0.0	0.0	0.0	0.041	0.082	0.0	0.062	0.123	0.041	0.0	0.0	0.0	0.0	0.0	0.0	0.0	0.021	0.0	0.0	0.064	0.068	0.057	0.029	0.056	0.069	0.042	0.056	0.029	0.078
>104|0
0.109	0.0	0.0	0.0	0.036	0.0	0.0	0.0	0.109	0.218	0.0	0.0	0.0	0.0	0.0	0.0	0.0	0.0	0.0	0.0	0.072	0.035	0.057	0.037	0.059	0.049	0.039	0.069	0.037	0.074
>105|0
0.0	0.114	0.019	0.019	0.019	0.057	0.0	0.057	0.038	0.019	0.0	0.019	0.038	0.0	0.019	0.076	0.0	0.076	0.0	0.019	0.038	0.041	0.05	0.038	0.046	0.04	0.04	0.034	0.039	0.046
>106|0
0.134	0.0	0.0	0.0	0.015	0.0	0.0	0.0	0.163	0.148	0.0	0.0	0.0	0.0	0.0	0.0	0.0	0.0	0.0	0.0	0.06	0.074	0.043	0.034	0.056	0.064	0.035	0.054	0.07	0.049
>107|0
0.097	0.0	0.0	0.0	0.019	0.0	0.0	0.0	0.058	0.019	0.019	0.0	0.019	0.0	0.058	0.0	0.0	0.0	0.058	0.0	0.071	0.073	0.072	0.044	0.082	0.074	0.062	0.052	0.069	0.052
>108|0
0.016	0.0	0.0	0.0	0.016	0.033	0.0	0.0	0.0	0.114	0.0	0.0	0.016	0.016	0.114	0.0	0.0	0.016	0.0	0.0	0.063	0.095	0.057	0.024	0.067	0.091	0.059	0.044	0.067	0.091
>109|0
0.146	0.0	0.0	0.0	0.0	0.0	0.0	0.0	0.175	0.146	0.0	0.0	0.0	0.0	0.0	0.0	0.0	0.0	0.0	0.0	0.07	0.086	0.022	0.046	0.083	0.037	0.036	0.085	0.053	0.015
>110|0
0.059	0.0	0.0	0.0	0.059	0.039	0.0	0.059	0.137	0.02	0.0	0.039	0.0	0.0	0.0	0.0	0.0	0.02	0.0	0.0	0.059	0.071	0.042	0.036	0.079	0.059	0.037	0.061	0.084	0.04
>111|0
0.0	0.0	0.0	0.0	0.04	0.081	0.0	0.081	0.0	0.161	0.0	0.0	0.04	0.0	0.04	0.04	0.0	0.04	0.0	0.0	0.053	0.067	0.048	0.043	0.072	0.08	0.021	0.014	0.035	0.042
>112|0
0.029	0.0	0.0	0.0	0.058	0.145	0.0	0.058	0.116	0.029	0.0	0.0	0.0	0.0	0.0	0.0	0.0	0.0	0.0	0.0	0.063	0.065	0.056	0.033	0.065	0.062	0.042	0.043	0.057	0.078
>113|0
0.104	0.0	0.017	0.017	0.017	0.035	0.0	0.017	0.0	0.0	0.0	0.035	0.017	0.035	0.035	0.035	0.069	0.069	0.017	0.0	0.059	0.052	0.048	0.045	0.042	0.054	0.04	0.053	0.032	0.056
>114|0
0.0	0.131	0.0	0.022	0.0	0.109	0.0	0.0	0.0	0.022	0.0	0.044	0.065	0.0	0.022	0.044	0.087	0.065	0.022	0.0	0.039	0.033	0.049	0.039	0.041	0.033	0.03	0.028	0.036	0.039
>115|0
0.04	0.08	0.0	0.04	0.0	0.0	0.0	0.0	0.04	0.04	0.0	0.0	0.0	0.08	0.04	0.0	0.08	0.0	0.0	0.08	0.044	0.052	0.035	0.055	0.075	0.055	0.06	0.047	0.035	0.025
>116|0
0.027	0.027	0.027	0.0	0.0	0.027	0.0	0.0	0.027	0.053	0.0	0.0	0.0	0.0	0.053	0.0	0.027	0.027	0.053	0.0	0.063	0.056	0.046	0.053	0.045	0.068	0.079	0.077	0.043	0.123
>117|0
0.076	0.051	0.0	0.0	0.051	0.025	0.0	0.076	0.051	0.127	0.0	0.025	0.051	0.0	0.0	0.025	0.025	0.0	0.0	0.025	0.042	0.043	0.038	0.02	0.044	0.05	0.04	0.028	0.045	0.043
>118|0
0.071	0.024	0.0	0.0	0.0	0.047	0.024	0.0	0.047	0.0	0.0	0.0	0.024	0.0	0.024	0.094	0.0	0.0	0.071	0.0	0.057	0.052	0.034	0.066	0.072	0.056	0.064	0.071	0.053	0.051
>119|0
0.021	0.0	0.0	0.0	0.021	0.17	0.0	0.021	0.042	0.106	0.0	0.0	0.0	0.021	0.0	0.064	0.042	0.042	0.0	0.0	0.042	0.055	0.042	0.024	0.051	0.056	0.042	0.037	0.058	0.042
>120|0
0.017	0.035	0.029	0.023	0.006	0.029	0.0	0.064	0.064	0.046	0.012	0.006	0.017	0.029	0.029	0.023	0.023	0.023	0.006	0.0	0.05	0.061	0.051	0.046	0.052	0.065	0.051	0.042	0.049	0.051
>121|0
0.114	0.0	0.0	0.0	0.023	0.0	0.0	0.0	0.16	0.137	0.0	0.0	0.0	0.0	0.0	0.0	0.0	0.0	0.0	0.0	0.056	0.072	0.039	0.031	0.073	0.061	0.039	0.062	0.085	0.047
>122|0
0.095	0.0	0.0	0.0	0.019	0.0	0.0	0.0	0.057	0.019	0.019	0.0	0.019	0.0	0.057	0.0	0.0	0.0	0.057	0.0	0.064	0.065	0.073	0.069	0.068	0.077	0.043	0.056	0.073	0.07
>123|0
0.211	0.0	0.0	0.053	0.0	0.0	0.053	0.0	0.0	0.053	0.0	0.0	0.0	0.053	0.0	0.053	0.106	0.0	0.0	0.053	0.041	0.051	0.054	0.042	0.03	0.052	0.026	0.037	0.015	0.018
>124|0
0.0	0.0	0.0	0.0	0.029	0.029	0.0	0.0	0.144	0.115	0.0	0.029	0.0	0.0	0.0	0.0	0.0	0.086	0.0	0.0	0.065	0.08	0.042	0.053	0.061	0.057	0.033	0.059	0.086	0.034
>125|0
0.036	0.072	0.012	0.0	0.0	0.048	0.012	0.036	0.024	0.024	0.0	0.036	0.012	0.0	0.036	0.108	0.06	0.012	0.012	0.012	0.045	0.051	0.044	0.045	0.044	0.037	0.044	0.056	0.039	0.041
>126|0
0.155	0.0	0.0	0.0	0.0	0.0	0.0	0.0	0.121	0.0	0.0	0.0	0.0	0.0	0.0	0.0	0.0	0.0	0.086	0.0	0.076	0.063	0.073	0.054	0.073	0.028	0.073	0.069	0.07	0.06
>127|0
0.143	0.0	0.0	0.0	0.024	0.0	0.0	0.0	0.143	0.143	0.0	0.0	0.0	0.0	0.0	0.0	0.0	0.0	0.0	0.0	0.057	0.074	0.039	0.032	0.078	0.065	0.018	0.067	0.075	0.044
>128|0
0.035	0.0	0.0	0.0	0.035	0.07	0.0	0.0	0.105	0.14	0.035	0.0	0.0	0.0	0.0	0.0	0.0	0.035	0.0	0.0	0.063	0.064	0.048	0.029	0.068	0.06	0.039	0.059	0.063	0.052
>129|0
0.018	0.0	0.037	0.018	0.037	0.073	0.018	0.018	0.037	0.037	0.0	0.0	0.055	0.0	0.037	0.037	0.018	0.018	0.0	0.0	0.058	0.063	0.055	0.042	0.056	0.059	0.046	0.037	0.057	0.07
>130|0
0.031	0.092	0.015	0.0	0.015	0.061	0.015	0.031	0.061	0.015	0.0	0.015	0.015	0.031	0.015	0.046	0.031	0.015	0.0	0.046	0.049	0.044	0.046	0.048	0.048	0.052	0.03	0.047	0.037	0.048
>131|0
0.024	0.0	0.0	0.024	0.048	0.048	0.0	0.048	0.048	0.024	0.0	0.0	0.048	0.024	0.0	0.0	0.119	0.048	0.024	0.0	0.05	0.043	0.054	0.049	0.042	0.036	0.029	0.052	0.056	0.065
>132|0
0.0	0.0	0.0	0.0	0.063	0.063	0.085	0.063	0.021	0.021	0.0	0.0	0.0	0.0	0.042	0.0	0.042	0.063	0.0	0.0	0.051	0.072	0.048	0.04	0.066	0.069	0.032	0.055	0.063	0.038
>133|0
0.1	0.0	0.0	0.0	0.033	0.0	0.0	0.0	0.133	0.167	0.0	0.0	0.0	0.0	0.0	0.0	0.0	0.0	0.0	0.0	0.057	0.083	0.047	0.015	0.068	0.083	0.036	0.018	0.077	0.083
>134|0
0.032	0.0	0.0	0.065	0.0	0.0	0.0	0.0	0.0	0.065	0.032	0.0	0.032	0.0	0.065	0.0	0.0	0.0	0.065	0.032	0.084	0.069	0.047	0.055	0.08	0.088	0.014	0.095	0.059	0.019
>135|0
0.0	0.0	0.0	0.0	0.091	0.0	0.03	0.03	0.151	0.091	0.0	0.0	0.03	0.0	0.0	0.0	0.0	0.0	0.03	0.0	0.053	0.086	0.038	0.047	0.088	0.051	0.028	0.084	0.055	0.015
>136|0
0.0	0.0	0.0	0.0	0.025	0.0	0.0	0.05	0.1	0.0	0.025	0.025	0.0	0.05	0.075	0.0	0.0	0.0	0.05	0.0	0.057	0.057	0.058	0.071	0.063	0.058	0.044	0.065	0.047	0.08
>137|0
0.094	0.0	0.0	0.0	0.019	0.0	0.0	0.0	0.057	0.019	0.019	0.0	0.019	0.0	0.057	0.0	0.0	0.0	0.057	0.0	0.069	0.081	0.065	0.027	0.08	0.086	0.06	0.034	0.086	0.072
>138|0
0.0	0.051	0.0	0.0	0.025	0.025	0.0	0.0	0.051	0.025	0.0	0.0	0.076	0.0	0.051	0.025	0.025	0.051	0.025	0.025	0.065	0.071	0.059	0.05	0.027	0.057	0.066	0.064	0.065	0.017
>139|0
0.038	0.0	0.0	0.0	0.019	0.096	0.0	0.038	0.115	0.077	0.0	0.0	0.0	0.0	0.0	0.0	0.038	0.038	0.0	0.0	0.049	0.061	0.036	0.045	0.071	0.064	0.041	0.05	0.071	0.052
>140|0
0.0	0.0	0.075	0.0	0.075	0.037	0.0	0.0	0.075	0.112	0.0	0.0	0.0	0.0	0.0	0.075	0.0	0.037	0.0	0.0	0.054	0.068	0.049	0.051	0.07	0.067	0.015	0.048	0.064	0.028
>141|0
0.088	0.044	0.0	0.0	0.044	0.022	0.0	0.088	0.088	0.044	0.0	0.0	0.044	0.0	0.0	0.022	0.0	0.044	0.0	0.0	0.037	0.052	0.042	0.03	0.054	0.057	0.044	0.035	0.059	0.059
>142|0
0.095	0.0	0.0	0.0	0.019	0.0	0.0	0.0	0.057	0.019	0.019	0.0	0.019	0.0	0.057	0.0	0.0	0.0	0.057	0.0	0.064	0.076	0.068	0.054	0.068	0.091	0.062	0.039	0.069	0.066
>143|0
0.117	0.0	0.0	0.0	0.039	0.0	0.0	0.0	0.117	0.194	0.0	0.0	0.0	0.0	0.0	0.0	0.0	0.0	0.0	0.0	0.05	0.077	0.066	0.029	0.029	0.065	0.073	0.059	0.041	0.043
>144|0
0.074	0.0	0.0	0.0	0.019	0.019	0.0	0.019	0.167	0.093	0.0	0.0	0.0	0.0	0.0	0.0	0.0	0.037	0.0	0.0	0.053	0.077	0.045	0.027	0.065	0.071	0.03	0.048	0.087	0.07
>145|0
0.1	0.0	0.0	0.0	0.1	0.0	0.0	0.0	0.133	0.1	0.0	0.0	0.0	0.0	0.0	0.0	0.0	0.0	0.0	0.0	0.065	0.062	0.07	0.034	0.07	0.065	0.046	0.041	0.057	0.057
>146|0
0.093	0.046	0.0	0.0	0.07	0.023	0.0	0.046	0.07	0.07	0.0	0.023	0.046	0.0	0.0	0.023	0.0	0.046	0.0	0.0	0.033	0.05	0.04	0.032	0.051	0.054	0.043	0.032	0.054	0.054
>147|0
0.062	0.0	0.062	0.0	0.0	0.0	0.0	0.062	0.094	0.094	0.0	0.0	0.0	0.031	0.0	0.0	0.0	0.0	0.031	0.0	0.054	0.071	0.049	0.052	0.067	0.04	0.036	0.056	0.065	0.072
>148|0
0.149	0.0	0.0	0.025	0.05	0.05	0.05	0.025	0.025	0.05	0.0	0.05	0.025	0.025	0.0	0.0	0.0	0.05	0.0	0.0	0.042	0.05	0.044	0.046	0.038	0.035	0.039	0.04	0.042	0.051
>149|0
0.02	0.117	0.0	0.02	0.02	0.059	0.0	0.078	0.059	0.0	0.0	0.02	0.039	0.0	0.0	0.098	0.0	0.059	0.0	0.02	0.039	0.037	0.046	0.039	0.042	0.038	0.037	0.035	0.039	0.041
>150|0
0.086	0.0	0.043	0.0	0.0	0.043	0.043	0.043	0.0	0.043	0.0	0.0	0.086	0.0	0.0	0.043	0.043	0.043	0.043	0.0	0.036	0.046	0.05	0.045	0.036	0.042	0.038	0.056	0.055	0.035
>151|0
0.06	0.03	0.0	0.03	0.03	0.0	0.03	0.0	0.06	0.089	0.0	0.03	0.089	0.0	0.0	0.0	0.119	0.0	0.0	0.03	0.043	0.04	0.039	0.046	0.037	0.044	0.032	0.027	0.048	0.047
>152|0
0.143	0.0	0.0	0.0	0.029	0.0	0.0	0.0	0.171	0.086	0.0	0.0	0.0	0.0	0.0	0.0	0.0	0.0	0.0	0.0	0.047	0.072	0.047	0.041	0.065	0.063	0.025	0.057	0.082	0.071
>153|0
0.0	0.024	0.024	0.0	0.024	0.048	0.024	0.0	0.048	0.0	0.0	0.0	0.024	0.024	0.024	0.096	0.0	0.0	0.072	0.0	0.061	0.06	0.036	0.059	0.073	0.045	0.066	0.073	0.043	0.053
>154|0
0.066	0.0	0.0	0.0	0.066	0.0	0.0	0.0	0.131	0.164	0.0	0.0	0.0	0.0	0.0	0.0	0.0	0.0	0.0	0.0	0.056	0.079	0.047	0.031	0.062	0.078	0.056	0.018	0.071	0.075
>155|0
0.035	0.0	0.0	0.069	0.035	0.0	0.0	0.0	0.0	0.069	0.035	0.0	0.035	0.0	0.035	0.0	0.0	0.0	0.069	0.035	0.055	0.067	0.044	0.051	0.078	0.079	0.042	0.076	0.071	0.02
>156|0
0.057	0.0	0.014	0.0	0.014	0.028	0.0	0.014	0.071	0.057	0.0	0.0	0.0	0.0	0.071	0.0	0.0	0.042	0.0	0.0	0.064	0.09	0.047	0.028	0.084	0.083	0.028	0.059	0.096	0.053
>157|0
0.0	0.13	0.0	0.022	0.065	0.043	0.0	0.0	0.087	0.022	0.0	0.0	0.043	0.0	0.0	0.043	0.043	0.0	0.0	0.043	0.054	0.035	0.051	0.037	0.047	0.044	0.058	0.04	0.056	0.036
>158|0
0.0	0.0	0.0	0.0	0.066	0.033	0.016	0.016	0.115	0.082	0.0	0.0	0.033	0.0	0.049	0.016	0.0	0.016	0.0	0.0	0.061	0.063	0.034	0.042	0.064	0.067	0.032	0.066	0.069	0.059
>159|0
0.125	0.0	0.0	0.021	0.021	0.021	0.042	0.042	0.062	0.042	0.021	0.021	0.0	0.021	0.0	0.083	0.021	0.021	0.0	0.021	0.03	0.038	0.041	0.048	0.05	0.048	0.046	0.038	0.029	0.051
>160|0
0.0	0.029	0.029	0.0	0.0	0.029	0.029	0.029	0.059	0.029	0.0	0.0	0.0	0.0	0.029	0.029	0.0	0.029	0.059	0.0	0.052	0.067	0.044	0.064	0.077	0.063	0.06	0.049	0.061	0.082
>161|0
0.035	0.0	0.0	0.0	0.069	0.035	0.0	0.0	0.069	0.069	0.0	0.0	0.0	0.0	0.0	0.035	0.0	0.0	0.069	0.0	0.062	0.057	0.059	0.024	0.079	0.069	0.043	0.052	0.074	0.1
>162|0
0.14	0.187	0.0	0.0	0.0	0.234	0.0	0.0	0.0	0.0	0.0	0.0	0.0	0.0	0.0	0.0	0.281	0.0	0.0	0.0	0.011	0.018	0.017	0.016	0.019	0.019	0.015	0.014	0.013	0.015
>163|0
0.065	0.043	0.0	0.0	0.065	0.022	0.0	0.022	0.087	0.108	0.0	0.0	0.043	0.0	0.0	0.022	0.022	0.022	0.0	0.0	0.04	0.052	0.045	0.033	0.057	0.058	0.042	0.037	0.062	0.056
>164|0
0.052	0.035	0.035	0.0	0.0	0.052	0.0	0.035	0.086	0.052	0.017	0.0	0.0	0.0	0.0	0.017	0.052	0.035	0.017	0.0	0.054	0.054	0.051	0.037	0.055	0.059	0.05	0.042	0.052	0.062
>165|0
0.0	0.0	0.0	0.0	0.0	0.022	0.0	0.065	0.0	0.022	0.0	0.022	0.0	0.0	0.108	0.0	0.0	0.065	0.022	0.0	0.074	0.093	0.052	0.066	0.07	0.061	0.043	0.07	0.096	0.049
>166|0
0.174	0.0	0.0	0.0	0.035	0.0	0.0	0.0	0.139	0.104	0.0	0.0	0.0	0.0	0.0	0.0	0.0	0.0	0.0	0.0	0.071	0.057	0.043	0.036	0.053	0.077	0.025	0.074	0.036	0.076
>167|0
0.0	0.0	0.025	0.025	0.0	0.025	0.025	0.025	0.05	0.1	0.0	0.0	0.0	0.0	0.05	0.0	0.0	0.05	0.0	0.025	0.061	0.081	0.054	0.041	0.062	0.07	0.036	0.053	0.06	0.081
>168|0
0.029	0.0	0.029	0.0	0.058	0.029	0.0	0.116	0.087	0.029	0.0	0.058	0.0	0.0	0.0	0.029	0.0	0.029	0.0	0.0	0.051	0.062	0.038	0.05	0.054	0.043	0.049	0.043	0.057	0.063
>169|0
0.025	0.0	0.0	0.0	0.074	0.0	0.025	0.025	0.172	0.074	0.0	0.0	0.025	0.0	0.0	0.0	0.0	0.0	0.025	0.0	0.067	0.075	0.041	0.055	0.079	0.041	0.04	0.08	0.045	0.034
>170|0
0.167	0.0	0.0	0.0	0.0	0.0	0.0	0.0	0.167	0.0	0.0	0.0	0.0	0.0	0.0	0.0	0.0	0.0	0.056	0.0	0.066	0.08	0.053	0.047	0.091	0.074	0.016	0.061	0.072	0.052
>171|0
0.056	0.0	0.0	0.0	0.037	0.0	0.0	0.0	0.225	0.094	0.0	0.0	0.0	0.0	0.0	0.0	0.019	0.0	0.0	0.0	0.061	0.088	0.045	0.024	0.07	0.075	0.029	0.04	0.078	0.061
>172|0
0.023	0.0	0.0	0.0	0.023	0.068	0.0	0.045	0.113	0.068	0.0	0.0	0.0	0.0	0.0	0.0	0.045	0.045	0.023	0.0	0.057	0.055	0.044	0.051	0.056	0.046	0.071	0.04	0.049	0.078
>173|0
0.032	0.0	0.0	0.065	0.032	0.0	0.0	0.0	0.0	0.065	0.032	0.0	0.032	0.0	0.065	0.0	0.0	0.0	0.065	0.0	0.084	0.083	0.049	0.046	0.076	0.087	0.012	0.09	0.066	0.019
>174|0
0.07	0.018	0.0	0.0	0.018	0.0	0.0	0.018	0.053	0.018	0.018	0.0	0.018	0.0	0.07	0.018	0.018	0.018	0.035	0.0	0.063	0.065	0.053	0.037	0.074	0.081	0.053	0.056	0.078	0.054
>175|0
0.0	0.0	0.0	0.0	0.095	0.032	0.0	0.032	0.032	0.063	0.0	0.0	0.0	0.032	0.032	0.032	0.0	0.032	0.032	0.0	0.06	0.089	0.049	0.012	0.067	0.087	0.042	0.027	0.088	0.066
>176|0
0.033	0.066	0.011	0.011	0.011	0.044	0.0	0.033	0.055	0.011	0.0	0.033	0.022	0.0	0.044	0.066	0.044	0.0	0.0	0.022	0.045	0.053	0.047	0.054	0.041	0.05	0.052	0.05	0.054	0.048
>177|0
0.028	0.0	0.0	0.0	0.056	0.0	0.028	0.028	0.168	0.056	0.0	0.0	0.028	0.0	0.0	0.0	0.0	0.0	0.028	0.0	0.064	0.07	0.043	0.049	0.065	0.039	0.036	0.063	0.082	0.067
>178|0
0.023	0.0	0.0	0.0	0.068	0.045	0.023	0.045	0.113	0.045	0.0	0.0	0.0	0.0	0.0	0.023	0.045	0.0	0.023	0.0	0.059	0.06	0.049	0.063	0.045	0.038	0.07	0.058	0.047	0.057
>179|0
0.115	0.0	0.0	0.0	0.0	0.019	0.0	0.0	0.057	0.019	0.019	0.0	0.019	0.0	0.057	0.0	0.0	0.0	0.038	0.0	0.061	0.079	0.057	0.034	0.077	0.097	0.053	0.044	0.084	0.067
>180|0
0.022	0.066	0.011	0.011	0.011	0.055	0.0	0.044	0.033	0.0	0.0	0.033	0.033	0.0	0.044	0.066	0.044	0.011	0.0	0.022	0.047	0.055	0.051	0.048	0.039	0.046	0.048	0.063	0.05	0.043
>181|0
0.032	0.0	0.032	0.0	0.032	0.095	0.0	0.063	0.063	0.063	0.0	0.0	0.0	0.0	0.0	0.032	0.0	0.095	0.0	0.0	0.044	0.071	0.035	0.035	0.071	0.064	0.044	0.061	0.05	0.02
>182|0
0.0	0.121	0.02	0.02	0.02	0.06	0.0	0.06	0.04	0.0	0.02	0.0	0.04	0.0	0.0	0.081	0.0	0.04	0.02	0.02	0.041	0.042	0.052	0.045	0.051	0.048	0.041	0.033	0.044	0.037
>183|0
0.0	0.0	0.0	0.0	0.0	0.071	0.035	0.071	0.035	0.071	0.035	0.0	0.0	0.0	0.035	0.035	0.0	0.0	0.035	0.0	0.057	0.077	0.041	0.043	0.072	0.072	0.02	0.051	0.07	0.073
>184|0
0.0	0.093	0.0	0.023	0.0	0.023	0.0	0.0	0.023	0.023	0.0	0.0	0.0	0.023	0.116	0.0	0.023	0.023	0.0	0.046	0.066	0.057	0.068	0.066	0.057	0.045	0.044	0.056	0.062	0.06
>185|0
0.035	0.0	0.0	0.035	0.0	0.0	0.071	0.0	0.0	0.106	0.0	0.071	0.035	0.0	0.071	0.0	0.0	0.035	0.0	0.0	0.077	0.064	0.038	0.063	0.044	0.051	0.07	0.02	0.054	0.058
>186|0
0.066	0.0	0.033	0.0	0.033	0.0	0.0	0.017	0.0	0.05	0.0	0.0	0.0	0.017	0.083	0.05	0.017	0.033	0.0	0.017	0.063	0.075	0.052	0.052	0.074	0.065	0.064	0.051	0.043	0.048
>187|0
0.167	0.0	0.0	0.046	0.0	0.061	0.0	0.015	0.091	0.03	0.0	0.0	0.0	0.0	0.0	0.03	0.0	0.046	0.015	0.0	0.053	0.065	0.041	0.03	0.057	0.058	0.04	0.031	0.062	0.063
>188|0
0.121	0.0	0.0	0.0	0.061	0.0	0.0	0.152	0.121	0.0	0.0	0.0	0.0	0.0	0.0	0.0	0.0	0.0	0.0	0.0	0.058	0.07	0.052	0.026	0.062	0.066	0.036	0.041	0.054	0.08
>189|0
0.038	0.0	0.0	0.0	0.038	0.113	0.0	0.0	0.0	0.038	0.0	0.038	0.038	0.0	0.038	0.075	0.0	0.038	0.0	0.038	0.064	0.045	0.075	0.048	0.044	0.058	0.057	0.064	0.037	0.019
>190|0
0.0	0.0	0.053	0.0	0.053	0.027	0.0	0.053	0.053	0.053	0.0	0.0	0.0	0.027	0.053	0.0	0.0	0.027	0.0	0.0	0.061	0.08	0.049	0.057	0.077	0.06	0.021	0.073	0.072	0.048
>191|0
0.066	0.0	0.0	0.0	0.033	0.099	0.0	0.0	0.132	0.033	0.0	0.0	0.0	0.0	0.0	0.0	0.0	0.066	0.0	0.0	0.059	0.079	0.05	0.025	0.071	0.076	0.028	0.033	0.078	0.074
>192|0
0.027	0.0	0.0	0.0	0.054	0.027	0.0	0.081	0.135	0.081	0.027	0.0	0.027	0.0	0.0	0.0	0.0	0.0	0.0	0.0	0.057	0.08	0.027	0.03	0.077	0.067	0.023	0.054	0.081	0.043
>193|0
0.054	0.0	0.0	0.0	0.018	0.036	0.0	0.018	0.109	0.036	0.018	0.0	0.0	0.036	0.0	0.054	0.018	0.018	0.036	0.018	0.06	0.062	0.044	0.042	0.058	0.06	0.037	0.056	0.061	0.05
>194|0
0.061	0.0	0.02	0.061	0.04	0.02	0.0	0.02	0.02	0.081	0.0	0.02	0.04	0.0	0.0	0.061	0.0	0.04	0.02	0.0	0.043	0.05	0.049	0.051	0.059	0.057	0.039	0.05	0.038	0.059
>195|0
0.0	0.0	0.0	0.0	0.0	0.07	0.035	0.0	0.035	0.141	0.035	0.0	0.0	0.0	0.035	0.035	0.0	0.0	0.035	0.0	0.057	0.077	0.041	0.042	0.071	0.074	0.021	0.051	0.07	0.073
>196|0
0.0	0.066	0.022	0.011	0.022	0.055	0.022	0.011	0.1	0.011	0.011	0.0	0.033	0.011	0.022	0.033	0.0	0.0	0.022	0.011	0.052	0.043	0.061	0.046	0.059	0.055	0.055	0.054	0.049	0.061
>197|0
0.035	0.0	0.0	0.0	0.07	0.07	0.0	0.07	0.035	0.105	0.0	0.0	0.035	0.0	0.0	0.14	0.0	0.035	0.0	0.0	0.036	0.044	0.026	0.029	0.037	0.052	0.034	0.038	0.056	0.055
>198|0
0.019	0.113	0.0	0.019	0.0	0.057	0.0	0.075	0.038	0.0	0.0	0.019	0.038	0.0	0.019	0.094	0.0	0.038	0.019	0.019	0.043	0.037	0.053	0.038	0.051	0.038	0.046	0.036	0.05	0.041
>199|0
0.311	0.133	0.0	0.0	0.0	0.4	0.0	0.0	0.0	0.0	0.0	0.0	0.0	0.0	0.0	0.0	0.044	0.0	0.0	0.0	0.011	0.012	0.012	0.011	0.006	0.011	0.014	0.013	0.008	0.013
>200|0
0.0	0.0	0.0	0.0	0.0	0.0	0.0	0.0	0.194	0.0	0.0	0.0	0.048	0.0	0.0	0.0	0.024	0.17	0.0	0.0	0.098	0.009	0.087	0.024	0.063	0.048	0.03	0.079	0.013	0.113
>201|0
0.115	0.0	0.016	0.016	0.0	0.066	0.0	0.016	0.066	0.049	0.0	0.033	0.016	0.033	0.0	0.033	0.016	0.033	0.016	0.0	0.049	0.057	0.035	0.034	0.057	0.052	0.044	0.038	0.058	0.052
>202|0
0.0	0.088	0.0	0.0	0.022	0.022	0.0	0.022	0.022	0.0	0.0	0.0	0.0	0.0	0.11	0.0	0.0	0.022	0.022	0.044	0.071	0.064	0.073	0.047	0.059	0.06	0.08	0.063	0.048	0.06
>203|0
0.0	0.0	0.0	0.0	0.0	0.042	0.014	0.0	0.111	0.125	0.014	0.0	0.056	0.0	0.014	0.014	0.014	0.014	0.028	0.0	0.05	0.071	0.051	0.037	0.064	0.069	0.042	0.047	0.062	0.061
>204|0
0.024	0.073	0.0	0.012	0.0	0.036	0.0	0.036	0.048	0.024	0.0	0.048	0.036	0.0	0.036	0.085	0.073	0.0	0.0	0.024	0.043	0.048	0.044	0.044	0.039	0.042	0.043	0.055	0.042	0.043
>205|0
0.0	0.0	0.012	0.0	0.012	0.037	0.0	0.012	0.122	0.147	0.0	0.012	0.0	0.012	0.037	0.0	0.0	0.0	0.0	0.0	0.055	0.081	0.045	0.036	0.079	0.074	0.044	0.049	0.066	0.067
>206|0
0.126	0.0	0.0	0.0	0.063	0.0	0.0	0.0	0.126	0.126	0.0	0.0	0.0	0.0	0.0	0.0	0.0	0.0	0.0	0.0	0.06	0.075	0.054	0.024	0.071	0.074	0.036	0.033	0.068	0.064
>207|0
0.0	0.0	0.0	0.0	0.0	0.027	0.0	0.0	0.133	0.027	0.0	0.027	0.0	0.0	0.0	0.0	0.0	0.16	0.027	0.0	0.067	0.081	0.044	0.054	0.065	0.06	0.039	0.064	0.087	0.04
>208|0
0.035	0.0	0.0	0.0	0.071	0.0	0.0	0.0	0.071	0.071	0.0	0.0	0.0	0.0	0.0	0.0	0.0	0.0	0.141	0.0	0.07	0.042	0.065	0.027	0.06	0.072	0.041	0.076	0.056	0.102
>209|0
0.0	0.081	0.0	0.014	0.027	0.041	0.0	0.014	0.0	0.041	0.0	0.014	0.0	0.0	0.068	0.027	0.041	0.068	0.0	0.014	0.055	0.047	0.058	0.06	0.045	0.053	0.054	0.054	0.075	0.051
>210|0
0.168	0.0	0.0	0.0	0.0	0.0	0.0	0.0	0.14	0.168	0.0	0.0	0.0	0.0	0.0	0.0	0.0	0.0	0.0	0.0	0.072	0.061	0.042	0.039	0.064	0.048	0.051	0.052	0.058	0.038
>211|0
0.031	0.0	0.0	0.0	0.0	0.0	0.0	0.031	0.125	0.094	0.0	0.0	0.0	0.0	0.0	0.062	0.0	0.062	0.031	0.0	0.069	0.063	0.06	0.058	0.07	0.045	0.036	0.047	0.059	0.057
>212|0
0.044	0.0	0.0	0.022	0.022	0.066	0.044	0.044	0.044	0.088	0.0	0.0	0.044	0.0	0.0	0.022	0.0	0.11	0.0	0.0	0.04	0.057	0.034	0.033	0.045	0.055	0.041	0.035	0.05	0.06
>213|0
0.128	0.255	0.0	0.0	0.0	0.17	0.0	0.0	0.0	0.0	0.0	0.0	0.0	0.0	0.0	0.0	0.298	0.0	0.0	0.0	0.016	0.015	0.012	0.022	0.018	0.014	0.016	0.016	0.002	0.015
>214|0
0.062	0.0	0.0	0.0	0.021	0.0	0.0	0.0	0.205	0.103	0.0	0.0	0.0	0.0	0.0	0.0	0.0	0.0	0.021	0.0	0.064	0.083	0.047	0.03	0.067	0.074	0.028	0.053	0.091	0.052
>215|0
0.067	0.0	0.0	0.0	0.034	0.0	0.0	0.101	0.034	0.0	0.0	0.0	0.0	0.067	0.034	0.0	0.0	0.067	0.0	0.034	0.045	0.054	0.043	0.034	0.063	0.052	0.034	0.074	0.097	0.068
>216|0
0.041	0.123	0.0	0.02	0.0	0.061	0.0	0.061	0.02	0.02	0.0	0.041	0.041	0.0	0.0	0.041	0.041	0.061	0.02	0.02	0.037	0.035	0.044	0.036	0.042	0.036	0.044	0.034	0.043	0.036
>217|0
0.0	0.0	0.016	0.0	0.0	0.049	0.0	0.0	0.032	0.016	0.016	0.016	0.0	0.016	0.113	0.0	0.032	0.016	0.032	0.0	0.043	0.042	0.051	0.056	0.06	0.067	0.079	0.079	0.095	0.071
>218|0
0.032	0.0	0.032	0.0	0.032	0.095	0.0	0.095	0.063	0.063	0.0	0.0	0.0	0.0	0.0	0.032	0.0	0.063	0.0	0.0	0.045	0.066	0.042	0.046	0.066	0.066	0.039	0.049	0.053	0.022
>219|0
0.0	0.0	0.0	0.0	0.0	0.0	0.0	0.081	0.189	0.027	0.0	0.027	0.0	0.0	0.0	0.0	0.0	0.054	0.027	0.0	0.062	0.094	0.031	0.027	0.081	0.075	0.021	0.044	0.1	0.06
>220|0
0.058	0.0	0.0	0.0	0.038	0.077	0.0	0.019	0.115	0.077	0.0	0.0	0.0	0.0	0.0	0.0	0.0	0.019	0.019	0.0	0.068	0.07	0.061	0.032	0.054	0.069	0.045	0.063	0.034	0.081
>221|0
0.0	0.198	0.0	0.0	0.049	0.099	0.0	0.049	0.025	0.0	0.0	0.0	0.025	0.0	0.049	0.0	0.025	0.025	0.0	0.0	0.055	0.037	0.052	0.048	0.043	0.045	0.042	0.04	0.041	0.052
>222|0
0.061	0.0	0.0	0.03	0.0	0.045	0.0	0.061	0.076	0.03	0.0	0.015	0.015	0.015	0.03	0.061	0.015	0.0	0.015	0.0	0.048	0.056	0.047	0.037	0.06	0.058	0.053	0.047	0.063	0.061
>223|0
0.03	0.0	0.015	0.0	0.0	0.076	0.015	0.045	0.061	0.045	0.0	0.0	0.0	0.0	0.076	0.0	0.0	0.015	0.015	0.0	0.051	0.067	0.046	0.052	0.073	0.062	0.047	0.06	0.08	0.068
>224|0
0.017	0.0	0.0	0.0	0.017	0.033	0.0	0.05	0.084	0.05	0.017	0.0	0.0	0.0	0.067	0.0	0.033	0.017	0.0	0.0	0.056	0.089	0.063	0.041	0.053	0.079	0.063	0.026	0.067	0.078
>225|0
0.198	0.0	0.0	0.0	0.0	0.0	0.0	0.0	0.179	0.0	0.0	0.0	0.0	0.0	0.0	0.0	0.0	0.0	0.04	0.0	0.061	0.083	0.052	0.046	0.075	0.055	0.017	0.06	0.082	0.05
>226|0
0.171	0.0	0.0	0.0	0.0	0.0	0.0	0.0	0.152	0.0	0.0	0.0	0.0	0.0	0.0	0.0	0.0	0.0	0.057	0.0	0.071	0.07	0.06	0.071	0.044	0.042	0.066	0.068	0.056	0.07
>227|0
0.075	0.0	0.023	0.008	0.008	0.143	0.008	0.023	0.0	0.068	0.008	0.053	0.038	0.023	0.0	0.075	0.03	0.03	0.015	0.008	0.039	0.036	0.04	0.03	0.039	0.039	0.036	0.036	0.037	0.039
>228|0
0.0	0.015	0.015	0.0	0.015	0.03	0.0	0.06	0.09	0.045	0.015	0.0	0.0	0.0	0.06	0.015	0.03	0.015	0.0	0.0	0.055	0.087	0.056	0.034	0.056	0.086	0.06	0.027	0.061	0.074
>229|0
0.06	0.0	0.0	0.0	0.0	0.091	0.0	0.03	0.06	0.181	0.0	0.03	0.03	0.0	0.0	0.03	0.0	0.03	0.0	0.0	0.048	0.056	0.042	0.022	0.062	0.058	0.037	0.039	0.052	0.043
>230|0
0.038	0.0	0.0	0.019	0.0	0.038	0.019	0.0	0.094	0.094	0.0	0.0	0.0	0.0	0.019	0.0	0.038	0.038	0.019	0.019	0.066	0.067	0.06	0.037	0.047	0.063	0.075	0.045	0.042	0.063
>231|0
0.014	0.0	0.0	0.0	0.0	0.07	0.0	0.084	0.042	0.042	0.0	0.0	0.028	0.0	0.056	0.014	0.0	0.014	0.014	0.014	0.063	0.076	0.047	0.042	0.064	0.07	0.056	0.049	0.075	0.063
>232|0
0.139	0.0	0.0	0.0	0.028	0.0	0.0	0.0	0.139	0.139	0.0	0.0	0.0	0.0	0.0	0.0	0.0	0.0	0.0	0.0	0.053	0.073	0.049	0.036	0.079	0.056	0.022	0.046	0.073	0.07
>233|0
0.0	0.0	0.0	0.0	0.037	0.0	0.019	0.019	0.13	0.111	0.0	0.0	0.0	0.0	0.0	0.074	0.056	0.019	0.019	0.0	0.057	0.068	0.036	0.037	0.063	0.052	0.038	0.054	0.055	0.058
>234|0
0.042	0.126	0.021	0.021	0.042	0.084	0.0	0.021	0.0	0.0	0.0	0.042	0.042	0.0	0.021	0.021	0.105	0.0	0.021	0.0	0.04	0.037	0.041	0.037	0.037	0.041	0.04	0.041	0.033	0.042
>235|0
0.022	0.0	0.022	0.0	0.022	0.065	0.065	0.0	0.0	0.086	0.022	0.022	0.043	0.022	0.043	0.065	0.0	0.043	0.0	0.0	0.045	0.051	0.038	0.033	0.05	0.044	0.041	0.048	0.054	0.058
>236|0
0.126	0.0	0.0	0.0	0.063	0.0	0.0	0.0	0.126	0.126	0.0	0.0	0.0	0.0	0.0	0.0	0.0	0.0	0.0	0.0	0.06	0.076	0.052	0.031	0.06	0.078	0.046	0.025	0.068	0.064
>237|0
0.0	0.0	0.0	0.0	0.0	0.0	0.316	0.0	0.0	0.063	0.063	0.0	0.0	0.063	0.0	0.0	0.063	0.0	0.0	0.19	0.021	0.028	0.028	0.021	0.025	0.035	0.028	0.024	0.012	0.019
>238|0
0.0	0.066	0.0	0.0	0.033	0.066	0.0	0.098	0.033	0.098	0.033	0.0	0.0	0.033	0.033	0.0	0.066	0.0	0.0	0.0	0.033	0.048	0.053	0.04	0.055	0.058	0.054	0.03	0.032	0.039
>239|0
0.06	0.0	0.0	0.024	0.012	0.06	0.0	0.048	0.084	0.024	0.012	0.024	0.024	0.0	0.024	0.0	0.0	0.048	0.012	0.0	0.062	0.064	0.042	0.051	0.065	0.047	0.045	0.056	0.053	0.055
>240|0
0.0	0.0	0.0	0.0	0.0	0.04	0.0	0.0	0.079	0.119	0.0	0.013	0.04	0.026	0.026	0.0	0.0	0.026	0.013	0.04	0.064	0.069	0.051	0.05	0.052	0.069	0.048	0.047	0.063	0.063
>241|0
0.0	0.0	0.019	0.019	0.0	0.039	0.039	0.0	0.019	0.019	0.0	0.019	0.058	0.019	0.039	0.058	0.039	0.019	0.039	0.019	0.049	0.069	0.054	0.049	0.052	0.048	0.054	0.049	0.055	0.056
>242|0
0.1	0.0	0.0	0.0	0.033	0.0	0.0	0.0	0.133	0.166	0.0	0.0	0.0	0.0	0.0	0.0	0.0	0.0	0.0	0.0	0.057	0.077	0.047	0.045	0.047	0.061	0.046	0.028	0.077	0.083
>243|0
0.0	0.0	0.0	0.0	0.053	0.0	0.0	0.0	0.0	0.026	0.0	0.0	0.053	0.0	0.105	0.0	0.0	0.026	0.079	0.0	0.052	0.072	0.063	0.061	0.086	0.078	0.079	0.096	0.07	0.001
>244|0
0.028	0.0	0.0	0.0	0.0	0.028	0.0	0.055	0.139	0.028	0.0	0.028	0.0	0.0	0.0	0.0	0.0	0.083	0.028	0.0	0.066	0.079	0.048	0.057	0.061	0.056	0.038	0.063	0.082	0.035
>245|0
0.029	0.0	0.044	0.015	0.0	0.029	0.015	0.044	0.0	0.015	0.015	0.015	0.0	0.015	0.161	0.015	0.0	0.015	0.0	0.0	0.041	0.057	0.04	0.032	0.071	0.071	0.05	0.063	0.084	0.069
>246|0
0.058	0.058	0.0	0.029	0.0	0.029	0.0	0.029	0.029	0.029	0.029	0.029	0.058	0.0	0.0	0.0	0.058	0.058	0.0	0.087	0.039	0.048	0.042	0.049	0.039	0.044	0.037	0.036	0.044	0.038
>247|0
0.068	0.068	0.051	0.0	0.017	0.085	0.0	0.017	0.0	0.0	0.0	0.0	0.017	0.0	0.068	0.0	0.0	0.034	0.0	0.0	0.048	0.059	0.056	0.061	0.064	0.066	0.062	0.055	0.054	0.049
>248|0
0.02	0.118	0.0	0.02	0.039	0.059	0.0	0.039	0.059	0.02	0.0	0.02	0.039	0.0	0.0	0.079	0.039	0.039	0.0	0.02	0.04	0.036	0.048	0.037	0.042	0.037	0.038	0.031	0.039	0.042
>249|0
0.059	0.0	0.059	0.0	0.0	0.177	0.0	0.0	0.0	0.0	0.0	0.0	0.059	0.0	0.059	0.236	0.0	0.0	0.0	0.0	0.062	0.034	0.059	0.049	0.088	0.008	0.021	0.01	0.016	0.003
>250|0
0.077	0.0	0.0	0.019	0.0	0.096	0.0	0.038	0.077	0.077	0.0	0.019	0.0	0.0	0.0	0.019	0.057	0.019	0.0	0.019	0.051	0.062	0.054	0.032	0.051	0.052	0.044	0.034	0.055	0.048
>1|1
0.027	0.055	0.0	0.0	0.082	0.027	0.0	0.0	0.082	0.219	0.0	0.0	0.055	0.0	0.0	0.0	0.0	0.0	0.0	0.0	0.041	0.04	0.05	0.04	0.047	0.041	0.043	0.053	0.044	0.054
>2|1
0.019	0.052	0.019	0.013	0.013	0.078	0.013	0.006	0.026	0.013	0.013	0.006	0.032	0.013	0.058	0.058	0.013	0.032	0.006	0.0	0.057	0.052	0.047	0.056	0.049	0.054	0.049	0.051	0.056	0.043
>3|1
0.201	0.0	0.0	0.0	0.033	0.033	0.033	0.067	0.0	0.1	0.0	0.067	0.033	0.0	0.0	0.0	0.033	0.067	0.0	0.0	0.031	0.045	0.025	0.017	0.043	0.044	0.023	0.029	0.039	0.034
>4|1
0.05	0.042	0.042	0.021	0.014	0.035	0.007	0.064	0.057	0.078	0.0	0.035	0.0	0.007	0.0	0.021	0.042	0.021	0.0	0.007	0.047	0.05	0.044	0.037	0.049	0.052	0.039	0.041	0.044	0.053
>5|1
0.041	0.083	0.031	0.031	0.021	0.052	0.041	0.0	0.052	0.01	0.01	0.01	0.0	0.021	0.01	0.031	0.031	0.01	0.021	0.01	0.048	0.05	0.04	0.046	0.05	0.05	0.051	0.053	0.05	0.046
>6|1
0.033	0.05	0.0	0.0	0.033	0.05	0.017	0.033	0.099	0.033	0.0	0.0	0.0	0.0	0.017	0.033	0.083	0.017	0.0	0.0	0.049	0.056	0.045	0.037	0.054	0.047	0.043	0.056	0.061	0.056
>7|1
0.0	0.053	0.027	0.0	0.0	0.08	0.027	0.107	0.0	0.0	0.0	0.0	0.0	0.027	0.053	0.027	0.0	0.0	0.027	0.0	0.05	0.059	0.061	0.059	0.045	0.055	0.054	0.046	0.078	0.063
>8|1
0.132	0.0	0.0	0.0	0.033	0.033	0.0	0.0	0.099	0.132	0.0	0.0	0.0	0.033	0.0	0.033	0.0	0.0	0.0	0.0	0.054	0.066	0.041	0.034	0.06	0.068	0.027	0.037	0.064	0.056
>9|1
0.012	0.07	0.023	0.012	0.0	0.058	0.035	0.0	0.012	0.023	0.012	0.0	0.047	0.035	0.082	0.058	0.012	0.012	0.0	0.0	0.047	0.063	0.055	0.047	0.047	0.047	0.044	0.045	0.048	0.056
>10|1
0.014	0.087	0.0	0.014	0.043	0.101	0.029	0.0	0.043	0.014	0.0	0.029	0.029	0.029	0.0	0.014	0.014	0.014	0.0	0.058	0.049	0.048	0.046	0.038	0.043	0.051	0.047	0.052	0.047	0.045
>11|1
0.0	0.088	0.029	0.0	0.088	0.059	0.0	0.0	0.059	0.0	0.0	0.029	0.029	0.029	0.0	0.059	0.059	0.029	0.0	0.0	0.042	0.032	0.038	0.043	0.043	0.055	0.045	0.044	0.052	0.049
>12|1
0.075	0.075	0.013	0.0	0.013	0.063	0.013	0.013	0.013	0.025	0.0	0.025	0.0	0.0	0.05	0.05	0.013	0.038	0.0	0.025	0.046	0.05	0.055	0.052	0.053	0.043	0.047	0.057	0.054	0.039
>13|1
0.037	0.098	0.025	0.0	0.012	0.061	0.012	0.012	0.049	0.037	0.0	0.049	0.012	0.012	0.025	0.025	0.037	0.0	0.012	0.012	0.051	0.043	0.047	0.047	0.038	0.048	0.044	0.057	0.046	0.052
>14|1
0.102	0.026	0.026	0.019	0.013	0.089	0.0	0.006	0.019	0.032	0.006	0.051	0.032	0.006	0.006	0.038	0.013	0.058	0.019	0.013	0.046	0.043	0.045	0.044	0.036	0.045	0.042	0.037	0.043	0.043
>15|1
0.048	0.0	0.0	0.0	0.145	0.048	0.0	0.0	0.0	0.242	0.0	0.0	0.048	0.0	0.0	0.097	0.0	0.0	0.0	0.0	0.03	0.057	0.032	0.01	0.037	0.052	0.029	0.017	0.047	0.059
>16|1
0.068	0.034	0.017	0.0	0.051	0.034	0.0	0.0	0.068	0.101	0.0	0.051	0.0	0.0	0.0	0.068	0.034	0.034	0.0	0.0	0.049	0.054	0.034	0.043	0.045	0.053	0.045	0.022	0.048	0.05
>17|1
0.063	0.0	0.0	0.0	0.063	0.032	0.063	0.095	0.032	0.063	0.0	0.0	0.032	0.0	0.0	0.095	0.0	0.063	0.0	0.0	0.034	0.051	0.024	0.028	0.05	0.045	0.026	0.046	0.063	0.034
>18|1
0.254	0.0	0.0	0.02	0.0	0.02	0.0	0.0	0.137	0.0	0.0	0.0	0.117	0.0	0.0	0.02	0.0	0.02	0.0	0.0	0.037	0.039	0.043	0.046	0.038	0.038	0.033	0.044	0.04	0.056
>19|1
0.081	0.054	0.0	0.0	0.081	0.0	0.0	0.0	0.081	0.162	0.0	0.0	0.027	0.0	0.0	0.027	0.0	0.027	0.0	0.0	0.038	0.05	0.042	0.047	0.048	0.056	0.041	0.025	0.057	0.056
>20|1
0.081	0.0	0.0	0.0	0.081	0.054	0.054	0.0	0.108	0.0	0.0	0.027	0.0	0.0	0.0	0.054	0.027	0.027	0.0	0.0	0.054	0.058	0.045	0.043	0.059	0.045	0.039	0.06	0.058	0.026
>21|1
0.065	0.043	0.0	0.0	0.087	0.022	0.0	0.043	0.065	0.087	0.0	0.022	0.043	0.0	0.022	0.0	0.022	0.0	0.0	0.0	0.041	0.06	0.039	0.022	0.056	0.063	0.045	0.033	0.058	0.063
>22|1
0.011	0.086	0.022	0.043	0.0	0.054	0.011	0.0	0.032	0.022	0.0	0.011	0.022	0.0	0.043	0.054	0.011	0.022	0.022	0.011	0.054	0.057	0.057	0.042	0.057	0.059	0.048	0.046	0.052	0.052
>23|1
0.071	0.0	0.024	0.008	0.024	0.118	0.008	0.047	0.008	0.024	0.008	0.008	0.024	0.016	0.008	0.142	0.039	0.016	0.008	0.008	0.044	0.038	0.038	0.036	0.036	0.042	0.038	0.038	0.041	0.042
>24|1
0.01	0.059	0.0	0.02	0.03	0.049	0.0	0.02	0.069	0.039	0.0	0.02	0.01	0.01	0.069	0.02	0.01	0.01	0.0	0.0	0.054	0.067	0.051	0.051	0.055	0.058	0.06	0.066	0.055	0.039
>25|1
0.0	0.0	0.021	0.0	0.021	0.021	0.021	0.0	0.062	0.041	0.021	0.0	0.041	0.0	0.062	0.021	0.041	0.021	0.0	0.041	0.06	0.059	0.068	0.039	0.062	0.06	0.06	0.053	0.062	0.041
>26|1
0.0	0.066	0.0	0.0	0.033	0.066	0.033	0.098	0.033	0.098	0.033	0.0	0.0	0.0	0.033	0.033	0.033	0.0	0.0	0.0	0.035	0.047	0.053	0.04	0.053	0.053	0.055	0.033	0.037	0.037
>27|1
0.068	0.045	0.0	0.0	0.068	0.023	0.0	0.091	0.091	0.045	0.023	0.0	0.045	0.0	0.0	0.023	0.023	0.0	0.0	0.0	0.04	0.053	0.033	0.027	0.053	0.056	0.049	0.029	0.054	0.06
>28|1
0.094	0.0	0.0	0.0	0.063	0.031	0.094	0.063	0.031	0.063	0.0	0.031	0.031	0.0	0.0	0.031	0.0	0.063	0.0	0.0	0.042	0.044	0.033	0.042	0.038	0.054	0.035	0.037	0.051	0.03
>29|1
0.061	0.0	0.0	0.031	0.046	0.031	0.031	0.0	0.031	0.031	0.0	0.031	0.031	0.031	0.0	0.015	0.031	0.077	0.015	0.015	0.041	0.052	0.037	0.037	0.048	0.06	0.052	0.046	0.059	0.063
>30|1
0.06	0.119	0.0	0.0	0.0	0.149	0.0	0.0	0.03	0.015	0.0	0.015	0.03	0.06	0.0	0.045	0.03	0.0	0.03	0.015	0.038	0.039	0.039	0.044	0.044	0.042	0.034	0.045	0.037	0.041
>31|1
0.0	0.0	0.0	0.0	0.056	0.042	0.028	0.014	0.028	0.014	0.0	0.042	0.182	0.028	0.014	0.028	0.0	0.014	0.014	0.042	0.05	0.04	0.04	0.043	0.046	0.041	0.057	0.044	0.045	0.047
>32|1
0.0	0.076	0.0	0.0	0.076	0.038	0.0	0.038	0.076	0.114	0.038	0.0	0.038	0.038	0.0	0.0	0.0	0.0	0.0	0.0	0.048	0.026	0.042	0.021	0.052	0.041	0.055	0.062	0.053	0.068
>33|1
0.0	0.0	0.031	0.015	0.031	0.015	0.0	0.031	0.031	0.061	0.015	0.046	0.108	0.0	0.046	0.0	0.015	0.0	0.015	0.031	0.054	0.048	0.055	0.06	0.047	0.051	0.048	0.05	0.041	0.056
>34|1
0.0	0.06	0.02	0.0	0.05	0.07	0.01	0.02	0.0	0.02	0.05	0.0	0.04	0.02	0.06	0.01	0.02	0.01	0.0	0.01	0.052	0.051	0.051	0.047	0.062	0.054	0.05	0.054	0.061	0.046
>35|1
0.095	0.0	0.0	0.016	0.0	0.08	0.0	0.016	0.095	0.08	0.016	0.016	0.0	0.0	0.0	0.016	0.0	0.032	0.016	0.0	0.052	0.068	0.054	0.038	0.058	0.053	0.044	0.037	0.056	0.061
>36|1
0.044	0.088	0.0	0.015	0.0	0.073	0.0	0.029	0.0	0.044	0.0	0.015	0.0	0.0	0.073	0.015	0.015	0.015	0.0	0.029	0.059	0.058	0.056	0.062	0.052	0.06	0.054	0.05	0.047	0.049
>37|1
0.0	0.067	0.0	0.0	0.067	0.0	0.0	0.034	0.034	0.034	0.034	0.0	0.034	0.0	0.067	0.067	0.0	0.0	0.0	0.0	0.048	0.047	0.025	0.063	0.05	0.051	0.083	0.078	0.044	0.076
>38|1
0.0	0.0	0.0	0.0	0.048	0.145	0.0	0.097	0.0	0.193	0.0	0.048	0.0	0.0	0.0	0.0	0.097	0.0	0.0	0.0	0.028	0.052	0.032	0.024	0.043	0.043	0.013	0.021	0.056	0.058
>39|1
0.09	0.013	0.019	0.013	0.006	0.096	0.006	0.038	0.019	0.032	0.013	0.032	0.038	0.013	0.013	0.051	0.019	0.019	0.013	0.019	0.043	0.041	0.047	0.042	0.042	0.047	0.044	0.037	0.047	0.046
>40|1
0.057	0.113	0.0	0.019	0.0	0.038	0.0	0.075	0.038	0.0	0.0	0.019	0.038	0.0	0.019	0.057	0.0	0.038	0.019	0.019	0.045	0.046	0.055	0.034	0.049	0.045	0.05	0.039	0.047	0.042
>41|1
0.043	0.0	0.0	0.0	0.043	0.106	0.085	0.085	0.021	0.043	0.021	0.021	0.0	0.021	0.021	0.0	0.0	0.0	0.0	0.0	0.046	0.062	0.05	0.041	0.045	0.059	0.046	0.056	0.048	0.038
>42|1
0.015	0.089	0.0	0.015	0.015	0.044	0.0	0.015	0.0	0.044	0.0	0.015	0.0	0.0	0.089	0.059	0.015	0.0	0.0	0.015	0.068	0.063	0.062	0.046	0.056	0.055	0.053	0.065	0.059	0.043
>43|1
0.011	0.0	0.022	0.032	0.043	0.022	0.0	0.032	0.065	0.043	0.0	0.011	0.011	0.011	0.054	0.022	0.011	0.022	0.0	0.0	0.054	0.074	0.054	0.039	0.066	0.068	0.044	0.055	0.074	0.062
>44|1
0.043	0.0	0.0	0.0	0.086	0.043	0.0	0.043	0.043	0.215	0.0	0.0	0.043	0.0	0.0	0.043	0.0	0.0	0.0	0.0	0.043	0.06	0.033	0.011	0.05	0.053	0.037	0.027	0.069	0.059
>45|1
0.038	0.095	0.0	0.019	0.0	0.038	0.0	0.019	0.019	0.038	0.019	0.057	0.019	0.0	0.019	0.038	0.038	0.019	0.019	0.038	0.049	0.051	0.045	0.032	0.049	0.047	0.051	0.051	0.04	0.054
>46|1
0.062	0.0	0.0	0.0	0.031	0.031	0.0	0.031	0.062	0.154	0.0	0.0	0.031	0.0	0.0	0.123	0.0	0.062	0.0	0.0	0.037	0.05	0.033	0.024	0.046	0.043	0.03	0.043	0.058	0.049
>47|1
0.092	0.052	0.007	0.0	0.013	0.02	0.0	0.02	0.02	0.026	0.0	0.052	0.046	0.007	0.033	0.079	0.059	0.059	0.0	0.007	0.04	0.044	0.042	0.035	0.045	0.04	0.04	0.041	0.045	0.037
>48|1
0.03	0.03	0.03	0.06	0.03	0.06	0.09	0.0	0.06	0.0	0.03	0.0	0.0	0.15	0.0	0.03	0.0	0.0	0.0	0.0	0.035	0.046	0.034	0.031	0.038	0.043	0.042	0.038	0.045	0.047
>49|1
0.038	0.0	0.0	0.0	0.038	0.077	0.0	0.0	0.077	0.038	0.0	0.0	0.0	0.038	0.0	0.038	0.077	0.038	0.0	0.038	0.053	0.053	0.049	0.045	0.045	0.062	0.055	0.05	0.063	0.026
>50|1
0.091	0.0	0.0	0.0	0.091	0.091	0.0	0.137	0.0	0.091	0.0	0.0	0.046	0.0	0.0	0.091	0.0	0.0	0.0	0.0	0.034	0.049	0.025	0.013	0.041	0.04	0.017	0.028	0.06	0.056
>51|1
0.034	0.04	0.034	0.034	0.013	0.04	0.013	0.034	0.04	0.074	0.0	0.027	0.007	0.013	0.007	0.013	0.02	0.067	0.0	0.007	0.047	0.057	0.043	0.041	0.054	0.055	0.043	0.045	0.048	0.051
>52|1
0.063	0.076	0.013	0.0	0.0	0.076	0.025	0.013	0.013	0.051	0.0	0.038	0.0	0.0	0.051	0.025	0.025	0.025	0.0	0.013	0.054	0.055	0.047	0.056	0.059	0.045	0.04	0.046	0.057	0.036
>53|1
0.0	0.058	0.0	0.0	0.058	0.0	0.0	0.086	0.086	0.086	0.0	0.0	0.0	0.0	0.029	0.029	0.058	0.0	0.0	0.0	0.038	0.067	0.061	0.044	0.061	0.079	0.046	0.012	0.032	0.069
>54|1
0.013	0.026	0.039	0.013	0.039	0.026	0.0	0.013	0.065	0.039	0.0	0.026	0.052	0.0	0.026	0.052	0.0	0.026	0.013	0.0	0.06	0.047	0.058	0.058	0.048	0.049	0.053	0.052	0.049	0.061
>55|1
0.093	0.031	0.015	0.0	0.046	0.062	0.0	0.031	0.093	0.031	0.015	0.031	0.0	0.0	0.0	0.046	0.0	0.015	0.0	0.0	0.051	0.057	0.046	0.031	0.049	0.065	0.048	0.036	0.043	0.065
>56|1
0.083	0.0	0.0	0.0	0.083	0.083	0.0	0.125	0.042	0.083	0.0	0.0	0.0	0.0	0.0	0.042	0.0	0.0	0.0	0.0	0.039	0.064	0.037	0.034	0.059	0.06	0.017	0.019	0.06	0.068
>57|1
0.072	0.036	0.036	0.0	0.018	0.018	0.0	0.036	0.09	0.036	0.018	0.054	0.0	0.0	0.0	0.0	0.054	0.054	0.0	0.0	0.052	0.053	0.04	0.037	0.045	0.058	0.048	0.034	0.054	0.056
>58|1
0.022	0.065	0.022	0.0	0.011	0.022	0.0	0.0	0.032	0.022	0.0	0.022	0.043	0.011	0.075	0.022	0.022	0.0	0.032	0.022	0.075	0.044	0.062	0.057	0.05	0.069	0.031	0.058	0.051	0.061
>59|1
0.104	0.041	0.0	0.0	0.041	0.021	0.0	0.041	0.062	0.062	0.021	0.0	0.021	0.021	0.021	0.021	0.0	0.021	0.0	0.0	0.049	0.06	0.049	0.034	0.052	0.057	0.039	0.045	0.055	0.065
>60|1
0.0	0.067	0.0	0.0	0.033	0.0	0.0	0.033	0.067	0.1	0.033	0.0	0.033	0.0	0.033	0.0	0.0	0.067	0.0	0.0	0.042	0.059	0.034	0.029	0.04	0.056	0.073	0.061	0.052	0.086
>61|1
0.037	0.0	0.019	0.028	0.037	0.028	0.019	0.009	0.019	0.009	0.0	0.028	0.019	0.019	0.075	0.009	0.009	0.028	0.009	0.009	0.061	0.072	0.047	0.048	0.076	0.066	0.037	0.065	0.066	0.053
>62|1
0.037	0.0	0.0	0.037	0.037	0.149	0.037	0.0	0.0	0.0	0.037	0.0	0.037	0.037	0.0	0.0	0.0	0.037	0.037	0.0	0.04	0.049	0.071	0.055	0.037	0.04	0.039	0.055	0.072	0.058
>63|1
0.043	0.0	0.0	0.0	0.086	0.043	0.0	0.086	0.043	0.13	0.0	0.0	0.0	0.0	0.0	0.086	0.0	0.043	0.0	0.0	0.043	0.06	0.045	0.019	0.062	0.066	0.026	0.016	0.052	0.05
>64|1
0.08	0.0	0.011	0.0	0.023	0.034	0.0	0.057	0.103	0.023	0.0	0.034	0.023	0.0	0.023	0.011	0.023	0.034	0.0	0.0	0.057	0.057	0.037	0.045	0.063	0.06	0.039	0.057	0.057	0.046
>65|1
0.039	0.0	0.0	0.0	0.039	0.0	0.0	0.079	0.039	0.158	0.0	0.0	0.039	0.0	0.039	0.0	0.039	0.039	0.0	0.0	0.04	0.073	0.068	0.051	0.076	0.085	0.036	0.009	0.016	0.032
>66|1
0.129	0.0	0.013	0.0	0.039	0.026	0.013	0.013	0.013	0.039	0.013	0.065	0.026	0.026	0.039	0.026	0.026	0.013	0.0	0.0	0.046	0.048	0.045	0.055	0.055	0.059	0.051	0.049	0.041	0.033
>67|1
0.019	0.075	0.019	0.0	0.028	0.057	0.019	0.047	0.028	0.0	0.009	0.019	0.019	0.019	0.038	0.066	0.028	0.0	0.0	0.028	0.044	0.05	0.043	0.043	0.051	0.049	0.054	0.05	0.044	0.053
>68|1
0.025	0.1	0.0	0.0	0.075	0.05	0.0	0.0	0.05	0.0	0.0	0.025	0.025	0.0	0.0	0.1	0.05	0.0	0.025	0.025	0.053	0.043	0.032	0.047	0.035	0.043	0.043	0.052	0.053	0.047
>69|1
0.024	0.072	0.012	0.036	0.012	0.084	0.024	0.0	0.036	0.024	0.0	0.012	0.072	0.012	0.036	0.036	0.036	0.024	0.0	0.0	0.045	0.046	0.037	0.053	0.041	0.046	0.049	0.035	0.047	0.05
>70|1
0.023	0.0	0.0	0.0	0.07	0.047	0.07	0.023	0.047	0.047	0.0	0.0	0.023	0.0	0.047	0.0	0.0	0.047	0.0	0.0	0.066	0.055	0.051	0.03	0.054	0.062	0.048	0.047	0.071	0.071
>71|1
0.151	0.0	0.0	0.0	0.0	0.019	0.0	0.0	0.076	0.113	0.019	0.038	0.0	0.0	0.0	0.0	0.019	0.057	0.019	0.0	0.043	0.063	0.039	0.03	0.057	0.065	0.04	0.043	0.059	0.051
>72|1
0.011	0.09	0.022	0.045	0.0	0.056	0.022	0.022	0.045	0.022	0.011	0.011	0.022	0.0	0.022	0.045	0.0	0.011	0.022	0.011	0.05	0.057	0.055	0.039	0.053	0.053	0.047	0.048	0.051	0.052
>73|1
0.039	0.098	0.0	0.0	0.0	0.02	0.0	0.079	0.098	0.02	0.0	0.02	0.0	0.0	0.0	0.079	0.098	0.039	0.0	0.0	0.043	0.046	0.035	0.031	0.044	0.046	0.026	0.049	0.053	0.037
>74|1
0.016	0.099	0.0	0.016	0.033	0.033	0.033	0.016	0.0	0.016	0.016	0.016	0.0	0.0	0.049	0.049	0.066	0.016	0.0	0.049	0.047	0.042	0.053	0.054	0.053	0.045	0.046	0.044	0.041	0.048
>75|1
0.026	0.064	0.039	0.013	0.019	0.026	0.0	0.006	0.026	0.019	0.0	0.039	0.032	0.013	0.051	0.045	0.026	0.013	0.019	0.006	0.055	0.053	0.046	0.056	0.053	0.051	0.049	0.046	0.054	0.054
>76|1
0.072	0.048	0.0	0.0	0.048	0.024	0.0	0.072	0.072	0.097	0.0	0.024	0.048	0.0	0.0	0.024	0.024	0.024	0.0	0.0	0.035	0.05	0.035	0.025	0.05	0.054	0.039	0.028	0.05	0.054
>77|1
0.09	0.045	0.0	0.0	0.045	0.023	0.0	0.045	0.09	0.068	0.0	0.0	0.045	0.0	0.0	0.0	0.023	0.068	0.0	0.0	0.039	0.051	0.033	0.03	0.049	0.057	0.052	0.029	0.055	0.062
>78|1
0.0	0.0	0.0	0.0	0.041	0.081	0.0	0.081	0.0	0.081	0.081	0.0	0.041	0.0	0.041	0.081	0.0	0.0	0.0	0.0	0.051	0.06	0.053	0.05	0.052	0.075	0.024	0.019	0.033	0.053
>79|1
0.035	0.035	0.017	0.0	0.035	0.07	0.0	0.017	0.052	0.035	0.0	0.035	0.0	0.0	0.017	0.035	0.087	0.07	0.0	0.0	0.052	0.049	0.044	0.037	0.051	0.05	0.045	0.032	0.052	0.046
>80|1
0.069	0.0	0.0	0.0	0.069	0.0	0.103	0.069	0.0	0.103	0.0	0.034	0.034	0.0	0.0	0.069	0.034	0.069	0.0	0.0	0.033	0.043	0.021	0.025	0.04	0.047	0.025	0.033	0.053	0.026
>81|1
0.0	0.135	0.0	0.0	0.023	0.045	0.0	0.023	0.0	0.023	0.0	0.0	0.0	0.0	0.113	0.0	0.023	0.023	0.0	0.0	0.055	0.087	0.086	0.035	0.026	0.079	0.101	0.08	0.012	0.035
>82|1
0.03	0.06	0.07	0.01	0.02	0.02	0.0	0.01	0.13	0.0	0.0	0.07	0.01	0.0	0.0	0.01	0.06	0.02	0.0	0.03	0.05	0.045	0.046	0.039	0.044	0.044	0.041	0.043	0.045	0.053
>83|1
0.0	0.0	0.0	0.0	0.044	0.11	0.154	0.044	0.022	0.088	0.0	0.0	0.0	0.0	0.0	0.0	0.0	0.044	0.022	0.0	0.047	0.064	0.046	0.033	0.046	0.051	0.055	0.054	0.046	0.031
>84|1
0.042	0.0	0.0	0.0	0.084	0.084	0.0	0.084	0.042	0.167	0.0	0.0	0.042	0.0	0.0	0.0	0.0	0.0	0.0	0.0	0.038	0.055	0.034	0.02	0.045	0.063	0.04	0.026	0.071	0.065
>85|1
0.026	0.078	0.0	0.0	0.013	0.091	0.026	0.039	0.026	0.013	0.0	0.026	0.013	0.026	0.052	0.013	0.026	0.0	0.0	0.026	0.044	0.059	0.053	0.038	0.05	0.053	0.051	0.049	0.054	0.055
>86|1
0.069	0.069	0.017	0.017	0.052	0.069	0.0	0.0	0.034	0.034	0.0	0.034	0.034	0.017	0.017	0.034	0.017	0.017	0.0	0.0	0.041	0.046	0.041	0.051	0.046	0.046	0.049	0.042	0.044	0.061
>87|1
0.039	0.129	0.039	0.013	0.026	0.077	0.039	0.0	0.0	0.0	0.0	0.0	0.026	0.065	0.026	0.026	0.013	0.039	0.0	0.013	0.042	0.038	0.044	0.048	0.046	0.049	0.044	0.041	0.035	0.045
>88|1
0.097	0.0	0.0	0.0	0.032	0.032	0.064	0.064	0.032	0.129	0.0	0.0	0.032	0.0	0.0	0.064	0.0	0.064	0.0	0.0	0.034	0.051	0.025	0.031	0.047	0.042	0.026	0.043	0.06	0.029
>89|1
0.027	0.0	0.0	0.0	0.027	0.027	0.027	0.027	0.11	0.082	0.055	0.0	0.027	0.0	0.0	0.027	0.0	0.055	0.0	0.0	0.05	0.064	0.051	0.031	0.06	0.059	0.048	0.041	0.061	0.04
>90|1
0.073	0.0	0.015	0.007	0.007	0.073	0.007	0.022	0.015	0.022	0.029	0.029	0.073	0.029	0.022	0.029	0.015	0.058	0.015	0.0	0.046	0.046	0.046	0.043	0.042	0.05	0.048	0.047	0.047	0.047
>91|1
0.007	0.0	0.0	0.0	0.107	0.05	0.0	0.007	0.0	0.0	0.0	0.036	0.299	0.0	0.043	0.0	0.0	0.007	0.007	0.0	0.049	0.054	0.051	0.048	0.022	0.047	0.05	0.05	0.049	0.019
>92|1
0.087	0.043	0.0	0.0	0.065	0.022	0.0	0.065	0.087	0.043	0.0	0.0	0.043	0.0	0.0	0.0	0.022	0.043	0.0	0.0	0.037	0.054	0.043	0.03	0.054	0.059	0.048	0.036	0.059	0.059
>93|1
0.026	0.077	0.013	0.0	0.013	0.09	0.038	0.013	0.013	0.013	0.0	0.013	0.038	0.0	0.064	0.013	0.013	0.0	0.0	0.038	0.055	0.049	0.053	0.052	0.046	0.055	0.049	0.049	0.057	0.061
>94|1
0.075	0.05	0.0	0.0	0.025	0.025	0.0	0.05	0.075	0.175	0.0	0.0	0.05	0.0	0.0	0.025	0.05	0.0	0.0	0.0	0.032	0.045	0.037	0.033	0.051	0.048	0.031	0.026	0.05	0.049
>95|1
0.056	0.056	0.0	0.0	0.028	0.056	0.0	0.084	0.084	0.056	0.028	0.0	0.028	0.0	0.0	0.0	0.028	0.056	0.0	0.0	0.036	0.056	0.042	0.036	0.045	0.049	0.028	0.037	0.058	0.054
>96|1
0.0	0.133	0.0	0.033	0.033	0.133	0.0	0.033	0.0	0.066	0.0	0.0	0.033	0.0	0.0	0.033	0.133	0.033	0.0	0.0	0.026	0.028	0.033	0.036	0.037	0.038	0.038	0.029	0.031	0.038
>97|1
0.041	0.0	0.0	0.0	0.124	0.0	0.0	0.083	0.041	0.165	0.0	0.0	0.041	0.0	0.0	0.083	0.0	0.0	0.0	0.0	0.036	0.059	0.034	0.013	0.043	0.059	0.041	0.02	0.052	0.065
>98|1
0.01	0.0	0.02	0.025	0.035	0.089	0.005	0.03	0.035	0.015	0.005	0.02	0.025	0.03	0.04	0.03	0.01	0.015	0.0	0.025	0.061	0.051	0.057	0.048	0.056	0.049	0.061	0.048	0.057	0.049
>99|1
0.084	0.021	0.01	0.01	0.01	0.084	0.01	0.021	0.042	0.052	0.01	0.084	0.042	0.0	0.021	0.021	0.0	0.01	0.01	0.01	0.047	0.046	0.045	0.037	0.05	0.042	0.039	0.05	0.046	0.042
>100|1
0.039	0.077	0.013	0.0	0.013	0.09	0.026	0.026	0.013	0.039	0.0	0.026	0.0	0.013	0.039	0.026	0.026	0.039	0.0	0.013	0.049	0.055	0.042	0.051	0.062	0.044	0.037	0.053	0.053	0.038
>101|1
0.028	0.084	0.014	0.014	0.028	0.056	0.014	0.042	0.056	0.014	0.0	0.028	0.028	0.0	0.028	0.028	0.028	0.0	0.0	0.028	0.049	0.047	0.058	0.05	0.052	0.042	0.047	0.049	0.034	0.054
>102|1
0.072	0.048	0.0	0.0	0.048	0.024	0.0	0.024	0.072	0.096	0.048	0.0	0.048	0.0	0.0	0.024	0.024	0.048	0.0	0.0	0.032	0.05	0.035	0.033	0.054	0.053	0.035	0.029	0.054	0.053
>103|1
0.0	0.07	0.014	0.0	0.014	0.07	0.014	0.056	0.042	0.014	0.0	0.014	0.028	0.014	0.042	0.014	0.028	0.014	0.0	0.028	0.051	0.052	0.058	0.072	0.053	0.045	0.04	0.044	0.047	0.065
>104|1
0.031	0.094	0.016	0.016	0.0	0.094	0.016	0.016	0.016	0.0	0.0	0.047	0.031	0.031	0.031	0.031	0.0	0.016	0.016	0.031	0.044	0.053	0.056	0.047	0.046	0.052	0.042	0.046	0.041	0.04
>105|1
0.093	0.0	0.0	0.0	0.019	0.074	0.037	0.019	0.019	0.037	0.0	0.037	0.0	0.0	0.019	0.019	0.019	0.056	0.037	0.0	0.049	0.062	0.047	0.032	0.048	0.059	0.047	0.052	0.06	0.063
>106|1
0.095	0.0	0.0	0.0	0.095	0.048	0.0	0.095	0.0	0.143	0.0	0.0	0.048	0.048	0.0	0.048	0.0	0.0	0.0	0.0	0.028	0.044	0.029	0.022	0.046	0.053	0.026	0.027	0.066	0.041
>107|1
0.0	0.0	0.0	0.035	0.069	0.0	0.0	0.0	0.035	0.035	0.0	0.0	0.104	0.0	0.035	0.069	0.069	0.0	0.035	0.0	0.051	0.065	0.052	0.034	0.056	0.06	0.071	0.047	0.032	0.049
>108|1
0.053	0.035	0.035	0.0	0.018	0.053	0.0	0.018	0.088	0.053	0.018	0.035	0.0	0.0	0.0	0.0	0.053	0.053	0.0	0.0	0.049	0.049	0.048	0.036	0.054	0.058	0.055	0.039	0.05	0.055
>109|1
0.0	0.0	0.0	0.0	0.088	0.044	0.0	0.0	0.044	0.219	0.044	0.0	0.044	0.0	0.0	0.0	0.044	0.044	0.0	0.0	0.039	0.052	0.038	0.023	0.026	0.041	0.038	0.031	0.074	0.068
>110|1
0.023	0.0	0.045	0.023	0.023	0.045	0.023	0.023	0.068	0.091	0.023	0.0	0.0	0.0	0.0	0.023	0.0	0.068	0.0	0.0	0.047	0.067	0.04	0.031	0.061	0.074	0.051	0.037	0.046	0.07
>111|1
0.054	0.065	0.011	0.0	0.022	0.044	0.033	0.011	0.033	0.033	0.0	0.022	0.011	0.0	0.054	0.022	0.033	0.011	0.011	0.0	0.054	0.051	0.046	0.058	0.056	0.05	0.049	0.057	0.057	0.053
>112|1
0.0	0.0	0.0	0.0	0.046	0.092	0.0	0.138	0.046	0.184	0.0	0.0	0.046	0.0	0.0	0.0	0.046	0.0	0.0	0.0	0.041	0.059	0.044	0.021	0.064	0.068	0.02	0.014	0.042	0.027
>113|1
0.013	0.103	0.026	0.013	0.0	0.103	0.0	0.0	0.038	0.026	0.0	0.051	0.026	0.051	0.013	0.077	0.0	0.0	0.013	0.026	0.042	0.049	0.047	0.042	0.037	0.046	0.037	0.044	0.038	0.041
>114|1
0.017	0.101	0.0	0.017	0.017	0.118	0.0	0.0	0.017	0.0	0.017	0.0	0.034	0.034	0.051	0.034	0.0	0.017	0.0	0.034	0.063	0.055	0.045	0.054	0.045	0.06	0.039	0.052	0.041	0.042
>115|1
0.069	0.0	0.0	0.017	0.0	0.069	0.0	0.052	0.069	0.069	0.017	0.017	0.017	0.035	0.0	0.052	0.017	0.0	0.017	0.0	0.046	0.063	0.052	0.029	0.049	0.058	0.044	0.034	0.053	0.051
>116|1
0.0	0.102	0.0	0.0	0.051	0.0	0.0	0.102	0.0	0.0	0.051	0.0	0.102	0.0	0.051	0.0	0.051	0.0	0.0	0.051	0.044	0.051	0.031	0.045	0.047	0.036	0.052	0.084	0.037	0.01
>117|1
0.119	0.0	0.0	0.0	0.06	0.06	0.0	0.119	0.06	0.06	0.0	0.0	0.03	0.0	0.0	0.03	0.03	0.03	0.0	0.0	0.047	0.045	0.028	0.03	0.048	0.037	0.025	0.052	0.052	0.04
>118|1
0.139	0.0	0.0	0.0	0.035	0.035	0.07	0.07	0.0	0.104	0.0	0.07	0.035	0.0	0.0	0.07	0.0	0.035	0.0	0.0	0.038	0.042	0.017	0.034	0.035	0.036	0.032	0.026	0.049	0.03
>119|1
0.038	0.019	0.0	0.019	0.019	0.094	0.0	0.019	0.075	0.057	0.0	0.019	0.019	0.0	0.0	0.019	0.019	0.038	0.019	0.0	0.049	0.062	0.048	0.041	0.066	0.06	0.049	0.038	0.066	0.051
>120|1
0.062	0.099	0.0	0.0	0.025	0.049	0.0	0.0	0.049	0.0	0.0	0.0	0.0	0.0	0.074	0.037	0.0	0.0	0.012	0.012	0.069	0.052	0.065	0.053	0.059	0.064	0.062	0.057	0.045	0.054
>121|1
0.013	0.079	0.013	0.0	0.026	0.053	0.026	0.053	0.013	0.013	0.013	0.026	0.04	0.013	0.053	0.026	0.013	0.013	0.013	0.0	0.056	0.041	0.056	0.048	0.053	0.049	0.048	0.047	0.054	0.046
>122|1
0.096	0.0	0.032	0.016	0.016	0.048	0.0	0.016	0.096	0.032	0.032	0.0	0.016	0.0	0.0	0.0	0.032	0.0	0.032	0.0	0.049	0.063	0.052	0.05	0.067	0.059	0.039	0.042	0.059	0.056
>123|1
0.086	0.043	0.0	0.0	0.064	0.021	0.0	0.021	0.086	0.064	0.0	0.0	0.021	0.021	0.0	0.021	0.0	0.064	0.0	0.0	0.046	0.06	0.043	0.029	0.05	0.056	0.038	0.041	0.056	0.064
>124|1
0.0	0.0	0.0	0.0	0.05	0.099	0.0	0.05	0.0	0.298	0.0	0.05	0.05	0.0	0.0	0.05	0.0	0.0	0.0	0.0	0.032	0.051	0.028	0.017	0.042	0.048	0.022	0.018	0.044	0.051
>125|1
0.028	0.083	0.0	0.028	0.0	0.041	0.0	0.014	0.0	0.041	0.0	0.0	0.0	0.0	0.083	0.041	0.041	0.014	0.0	0.028	0.059	0.064	0.053	0.048	0.062	0.063	0.035	0.051	0.062	0.062
>126|1
0.038	0.077	0.038	0.01	0.01	0.038	0.0	0.019	0.106	0.0	0.0	0.01	0.01	0.01	0.01	0.019	0.019	0.019	0.0	0.058	0.058	0.052	0.057	0.046	0.043	0.052	0.049	0.05	0.052	0.05
>127|1
0.095	0.082	0.014	0.0	0.014	0.082	0.041	0.014	0.014	0.027	0.0	0.014	0.0	0.0	0.041	0.027	0.027	0.027	0.0	0.027	0.048	0.049	0.047	0.045	0.055	0.036	0.036	0.05	0.054	0.037
>128|1
0.0	0.082	0.041	0.0	0.014	0.123	0.014	0.041	0.0	0.041	0.0	0.0	0.041	0.0	0.027	0.055	0.027	0.055	0.014	0.0	0.049	0.044	0.035	0.044	0.041	0.037	0.045	0.042	0.041	0.05
>129|1
0.058	0.0	0.008	0.041	0.033	0.025	0.0	0.008	0.082	0.041	0.008	0.016	0.041	0.008	0.025	0.025	0.008	0.016	0.008	0.008	0.062	0.063	0.05	0.05	0.052	0.054	0.053	0.041	0.055	0.059
>130|1
0.034	0.034	0.0	0.0	0.034	0.05	0.0	0.034	0.084	0.067	0.017	0.034	0.0	0.017	0.017	0.017	0.0	0.017	0.0	0.017	0.058	0.065	0.04	0.04	0.064	0.052	0.048	0.061	0.06	0.041
>131|1
0.0	0.0	0.0	0.0	0.045	0.09	0.0	0.09	0.045	0.224	0.0	0.0	0.045	0.0	0.0	0.045	0.0	0.0	0.0	0.0	0.041	0.062	0.038	0.028	0.059	0.068	0.02	0.016	0.039	0.046
>132|1
0.06	0.119	0.024	0.0	0.012	0.108	0.0	0.0	0.024	0.012	0.0	0.012	0.012	0.048	0.048	0.036	0.0	0.0	0.0	0.024	0.055	0.053	0.036	0.051	0.05	0.036	0.042	0.056	0.035	0.048
>133|1
0.038	0.057	0.009	0.019	0.0	0.038	0.009	0.028	0.028	0.019	0.0	0.0	0.0	0.009	0.076	0.047	0.028	0.0	0.019	0.009	0.052	0.066	0.059	0.046	0.049	0.062	0.061	0.059	0.052	0.057
>134|1
0.012	0.075	0.0	0.0	0.012	0.075	0.025	0.012	0.0	0.037	0.0	0.012	0.012	0.012	0.062	0.05	0.025	0.0	0.012	0.037	0.061	0.052	0.053	0.04	0.061	0.052	0.055	0.049	0.057	0.046
>135|1
0.059	0.088	0.0	0.0	0.015	0.088	0.0	0.029	0.029	0.0	0.0	0.044	0.029	0.029	0.029	0.059	0.0	0.015	0.0	0.044	0.044	0.04	0.055	0.048	0.043	0.041	0.035	0.046	0.042	0.051
>136|1
0.075	0.075	0.025	0.0	0.013	0.063	0.013	0.013	0.025	0.025	0.0	0.038	0.0	0.0	0.05	0.025	0.013	0.038	0.0	0.013	0.046	0.052	0.053	0.061	0.048	0.05	0.05	0.052	0.053	0.034
>137|1
0.0	0.0	0.016	0.064	0.016	0.064	0.127	0.0	0.032	0.0	0.0	0.0	0.0	0.016	0.08	0.032	0.0	0.0	0.0	0.032	0.056	0.064	0.042	0.046	0.046	0.061	0.059	0.049	0.048	0.053
>138|1
0.066	0.033	0.0	0.0	0.05	0.083	0.0	0.033	0.083	0.066	0.0	0.017	0.0	0.017	0.0	0.017	0.017	0.017	0.0	0.0	0.053	0.06	0.049	0.045	0.045	0.054	0.052	0.04	0.05	0.054
>139|1
0.042	0.085	0.011	0.032	0.021	0.063	0.042	0.0	0.042	0.011	0.011	0.053	0.0	0.011	0.011	0.032	0.021	0.011	0.021	0.011	0.048	0.052	0.036	0.044	0.05	0.047	0.051	0.049	0.048	0.046
>140|1
0.024	0.0	0.0	0.0	0.024	0.0	0.0	0.0	0.169	0.12	0.0	0.0	0.0	0.0	0.024	0.024	0.0	0.0	0.0	0.024	0.057	0.082	0.045	0.037	0.073	0.081	0.049	0.03	0.059	0.078
>141|1
0.07	0.0	0.0	0.0	0.0	0.141	0.0	0.0	0.0	0.0	0.0	0.0	0.492	0.0	0.035	0.0	0.0	0.0	0.0	0.0	0.03	0.032	0.027	0.033	0.028	0.019	0.022	0.023	0.03	0.018
>142|1
0.023	0.0	0.023	0.023	0.046	0.0	0.0	0.023	0.138	0.046	0.0	0.023	0.0	0.023	0.023	0.023	0.0	0.023	0.0	0.0	0.057	0.079	0.046	0.037	0.068	0.076	0.025	0.056	0.066	0.05
>143|1
0.029	0.0	0.0	0.029	0.029	0.029	0.029	0.0	0.058	0.0	0.029	0.0	0.115	0.029	0.029	0.0	0.0	0.029	0.029	0.0	0.041	0.048	0.046	0.042	0.044	0.053	0.055	0.053	0.08	0.078
>144|1
0.049	0.049	0.0	0.0	0.025	0.049	0.0	0.025	0.099	0.025	0.0	0.0	0.074	0.0	0.025	0.025	0.025	0.0	0.025	0.0	0.049	0.068	0.064	0.045	0.032	0.048	0.06	0.059	0.06	0.021
>145|1
0.006	0.0	0.025	0.013	0.025	0.121	0.019	0.006	0.019	0.025	0.013	0.032	0.051	0.032	0.013	0.032	0.032	0.019	0.013	0.032	0.051	0.041	0.05	0.043	0.049	0.047	0.051	0.042	0.049	0.049
>146|1
0.046	0.0	0.0	0.0	0.138	0.046	0.046	0.046	0.0	0.138	0.0	0.046	0.0	0.0	0.0	0.092	0.0	0.0	0.0	0.0	0.036	0.06	0.033	0.021	0.049	0.057	0.014	0.027	0.056	0.049
>147|1
0.094	0.047	0.0	0.0	0.071	0.024	0.0	0.071	0.071	0.094	0.0	0.024	0.047	0.0	0.0	0.0	0.024	0.0	0.0	0.0	0.034	0.052	0.039	0.03	0.05	0.055	0.04	0.031	0.051	0.054
>148|1
0.067	0.08	0.013	0.0	0.0	0.08	0.027	0.013	0.013	0.053	0.0	0.053	0.0	0.0	0.04	0.027	0.027	0.027	0.0	0.013	0.049	0.052	0.043	0.054	0.055	0.042	0.038	0.044	0.054	0.035
>149|1
0.08	0.0	0.0	0.0	0.027	0.053	0.0	0.08	0.027	0.107	0.0	0.027	0.027	0.0	0.027	0.107	0.0	0.027	0.0	0.0	0.043	0.045	0.031	0.022	0.047	0.051	0.028	0.035	0.061	0.051
>150|1
0.096	0.0	0.0	0.014	0.041	0.041	0.0	0.014	0.11	0.027	0.0	0.014	0.0	0.041	0.0	0.014	0.027	0.027	0.0	0.014	0.049	0.072	0.05	0.024	0.052	0.075	0.054	0.023	0.048	0.075
>151|1
0.035	0.071	0.012	0.024	0.0	0.071	0.024	0.024	0.0	0.0	0.012	0.012	0.035	0.012	0.059	0.024	0.0	0.035	0.0	0.035	0.058	0.054	0.058	0.051	0.038	0.055	0.049	0.062	0.049	0.042
>152|1
0.085	0.0	0.0	0.0	0.043	0.085	0.0	0.085	0.043	0.128	0.043	0.0	0.043	0.0	0.0	0.0	0.0	0.0	0.0	0.0	0.035	0.055	0.033	0.024	0.045	0.047	0.039	0.032	0.071	0.062
>153|1
0.037	0.012	0.037	0.025	0.0	0.037	0.0	0.049	0.11	0.049	0.012	0.0	0.0	0.025	0.0	0.0	0.0	0.037	0.012	0.012	0.059	0.068	0.048	0.032	0.062	0.069	0.044	0.044	0.055	0.065
>154|1
0.034	0.017	0.034	0.0	0.017	0.051	0.017	0.051	0.034	0.051	0.0	0.0	0.068	0.0	0.051	0.017	0.017	0.017	0.0	0.0	0.061	0.045	0.048	0.069	0.039	0.056	0.047	0.061	0.055	0.046
>155|1
0.081	0.0	0.0	0.0	0.121	0.04	0.0	0.081	0.04	0.081	0.0	0.0	0.0	0.0	0.0	0.081	0.0	0.0	0.0	0.0	0.042	0.068	0.034	0.018	0.054	0.052	0.025	0.035	0.081	0.064
>156|1
0.036	0.071	0.018	0.018	0.018	0.036	0.018	0.0	0.018	0.036	0.018	0.054	0.0	0.0	0.0	0.054	0.071	0.0	0.054	0.018	0.048	0.053	0.046	0.05	0.048	0.036	0.042	0.047	0.055	0.039
>157|1
0.015	0.089	0.0	0.0	0.0	0.104	0.015	0.015	0.045	0.0	0.0	0.06	0.03	0.045	0.03	0.03	0.0	0.015	0.015	0.03	0.042	0.047	0.047	0.046	0.054	0.053	0.045	0.052	0.045	0.033
>158|1
0.03	0.079	0.02	0.02	0.01	0.05	0.0	0.04	0.05	0.03	0.02	0.02	0.079	0.02	0.02	0.03	0.02	0.03	0.0	0.0	0.043	0.049	0.039	0.042	0.044	0.042	0.046	0.043	0.039	0.047
>159|1
0.023	0.07	0.0	0.035	0.07	0.047	0.0	0.012	0.058	0.012	0.0	0.023	0.023	0.0	0.023	0.035	0.0	0.023	0.012	0.012	0.047	0.047	0.052	0.061	0.054	0.06	0.051	0.055	0.052	0.043
>160|1
0.099	0.0	0.0	0.0	0.0	0.0	0.0	0.074	0.099	0.099	0.0	0.0	0.0	0.0	0.025	0.0	0.0	0.05	0.0	0.0	0.061	0.069	0.027	0.052	0.062	0.044	0.049	0.049	0.068	0.073
>161|1
0.093	0.062	0.0	0.0	0.031	0.031	0.0	0.062	0.0	0.031	0.0	0.0	0.062	0.062	0.0	0.031	0.124	0.093	0.0	0.0	0.027	0.035	0.027	0.033	0.035	0.037	0.033	0.029	0.029	0.035
>162|1
0.05	0.0	0.037	0.037	0.037	0.075	0.037	0.037	0.025	0.025	0.012	0.012	0.0	0.012	0.012	0.025	0.0	0.075	0.0	0.012	0.044	0.048	0.056	0.047	0.043	0.042	0.048	0.046	0.051	0.052
>163|1
0.041	0.007	0.0	0.007	0.014	0.034	0.0	0.02	0.054	0.014	0.02	0.02	0.02	0.02	0.027	0.041	0.034	0.041	0.007	0.054	0.052	0.049	0.051	0.049	0.057	0.046	0.059	0.06	0.052	0.049
>164|1
0.025	0.05	0.0	0.0	0.025	0.025	0.0	0.05	0.075	0.151	0.025	0.0	0.05	0.0	0.025	0.025	0.0	0.0	0.0	0.0	0.038	0.05	0.054	0.048	0.052	0.056	0.038	0.033	0.043	0.06
>165|1
0.069	0.046	0.0	0.0	0.069	0.0	0.0	0.023	0.092	0.115	0.0	0.023	0.046	0.0	0.0	0.023	0.023	0.023	0.0	0.0	0.043	0.052	0.043	0.018	0.051	0.055	0.045	0.029	0.059	0.054
>166|1
0.06	0.024	0.0	0.024	0.0	0.084	0.012	0.048	0.048	0.012	0.012	0.048	0.0	0.012	0.0	0.036	0.012	0.036	0.024	0.024	0.046	0.045	0.051	0.051	0.045	0.058	0.042	0.05	0.049	0.047
>167|1
0.069	0.083	0.014	0.0	0.028	0.069	0.014	0.042	0.014	0.028	0.0	0.028	0.042	0.042	0.028	0.014	0.042	0.014	0.0	0.0	0.048	0.044	0.053	0.039	0.04	0.042	0.032	0.046	0.041	0.044
>168|1
0.063	0.076	0.025	0.0	0.013	0.051	0.025	0.013	0.051	0.025	0.0	0.051	0.0	0.0	0.013	0.013	0.025	0.025	0.025	0.013	0.05	0.052	0.051	0.049	0.058	0.044	0.05	0.051	0.051	0.037
>169|1
0.018	0.054	0.018	0.027	0.009	0.027	0.0	0.018	0.036	0.036	0.0	0.018	0.018	0.009	0.072	0.018	0.027	0.0	0.009	0.027	0.064	0.051	0.053	0.054	0.057	0.06	0.059	0.044	0.059	0.059
>170|1
0.0	0.0	0.0	0.0	0.036	0.108	0.0	0.036	0.036	0.217	0.0	0.0	0.036	0.0	0.0	0.072	0.0	0.036	0.0	0.0	0.04	0.058	0.029	0.032	0.061	0.047	0.022	0.034	0.063	0.036
>171|1
0.027	0.054	0.0	0.0	0.081	0.027	0.0	0.0	0.081	0.217	0.0	0.0	0.054	0.0	0.0	0.0	0.0	0.0	0.0	0.0	0.033	0.052	0.041	0.042	0.049	0.06	0.04	0.027	0.061	0.052
>172|1
0.043	0.043	0.0	0.0	0.043	0.043	0.0	0.064	0.085	0.021	0.0	0.0	0.021	0.021	0.0	0.021	0.021	0.064	0.0	0.021	0.035	0.053	0.039	0.036	0.055	0.06	0.049	0.035	0.057	0.069
>173|1
0.042	0.0	0.0	0.0	0.085	0.042	0.0	0.042	0.042	0.169	0.0	0.0	0.042	0.0	0.0	0.042	0.0	0.042	0.0	0.0	0.034	0.055	0.033	0.022	0.045	0.063	0.04	0.026	0.068	0.065
>174|1
0.034	0.0	0.0	0.0	0.101	0.067	0.0	0.067	0.034	0.135	0.0	0.0	0.067	0.0	0.0	0.034	0.0	0.034	0.0	0.0	0.033	0.048	0.029	0.021	0.041	0.058	0.039	0.035	0.064	0.06
>175|1
0.054	0.0	0.0	0.0	0.0	0.018	0.018	0.036	0.036	0.036	0.0	0.0	0.0	0.0	0.072	0.018	0.054	0.0	0.018	0.036	0.061	0.061	0.056	0.062	0.051	0.049	0.06	0.06	0.074	0.07
>176|1
0.012	0.0	0.024	0.024	0.024	0.0	0.012	0.072	0.012	0.024	0.0	0.0	0.132	0.012	0.06	0.036	0.024	0.012	0.012	0.012	0.058	0.053	0.048	0.053	0.05	0.041	0.063	0.036	0.046	0.048
>177|1
0.065	0.043	0.0	0.0	0.043	0.0	0.0	0.086	0.065	0.022	0.022	0.0	0.043	0.0	0.022	0.022	0.043	0.043	0.0	0.0	0.041	0.058	0.048	0.028	0.056	0.061	0.039	0.036	0.06	0.057
>178|1
0.0	0.0	0.0	0.0	0.035	0.106	0.0	0.035	0.035	0.071	0.0	0.035	0.071	0.0	0.035	0.071	0.0	0.0	0.0	0.0	0.071	0.051	0.04	0.048	0.043	0.057	0.032	0.07	0.029	0.065
>179|1
0.018	0.0	0.027	0.072	0.027	0.009	0.0	0.036	0.072	0.036	0.0	0.063	0.018	0.045	0.0	0.036	0.045	0.018	0.0	0.018	0.049	0.051	0.038	0.034	0.053	0.051	0.035	0.043	0.056	0.046
>180|1
0.082	0.0	0.02	0.02	0.0	0.02	0.0	0.041	0.061	0.082	0.0	0.082	0.0	0.041	0.0	0.0	0.0	0.02	0.02	0.0	0.046	0.073	0.044	0.027	0.05	0.063	0.047	0.034	0.052	0.072
>181|1
0.051	0.0	0.0	0.01	0.021	0.041	0.0	0.072	0.051	0.01	0.021	0.01	0.031	0.021	0.031	0.01	0.01	0.021	0.021	0.021	0.053	0.068	0.044	0.042	0.058	0.062	0.049	0.049	0.062	0.06
>182|1
0.022	0.074	0.0	0.022	0.015	0.074	0.007	0.015	0.0	0.007	0.0	0.007	0.037	0.051	0.081	0.022	0.015	0.022	0.0	0.007	0.051	0.058	0.053	0.052	0.052	0.049	0.05	0.043	0.056	0.058
>183|1
0.061	0.041	0.0	0.0	0.041	0.02	0.0	0.041	0.061	0.041	0.02	0.0	0.041	0.0	0.02	0.0	0.02	0.082	0.0	0.0	0.04	0.055	0.044	0.036	0.061	0.06	0.043	0.043	0.063	0.063
>184|1
0.061	0.0	0.02	0.0	0.061	0.041	0.0	0.02	0.082	0.082	0.0	0.0	0.02	0.0	0.0	0.082	0.0	0.0	0.02	0.0	0.046	0.057	0.042	0.036	0.053	0.064	0.05	0.044	0.06	0.056
>185|1
0.129	0.0	0.0	0.0	0.065	0.0	0.065	0.097	0.032	0.065	0.0	0.032	0.032	0.0	0.0	0.065	0.0	0.032	0.0	0.0	0.039	0.05	0.025	0.032	0.045	0.044	0.031	0.039	0.055	0.028
>186|1
0.0	0.0	0.0	0.0	0.077	0.039	0.0	0.077	0.077	0.116	0.0	0.0	0.039	0.0	0.0	0.039	0.0	0.039	0.0	0.0	0.05	0.073	0.039	0.023	0.063	0.066	0.015	0.039	0.066	0.063
>187|1
0.086	0.0	0.01	0.01	0.019	0.029	0.0	0.019	0.086	0.067	0.01	0.019	0.01	0.029	0.029	0.019	0.0	0.019	0.0	0.0	0.062	0.07	0.047	0.032	0.059	0.061	0.043	0.043	0.063	0.06
>188|1
0.045	0.0	0.0	0.0	0.09	0.045	0.0	0.045	0.045	0.179	0.0	0.0	0.045	0.0	0.0	0.0	0.045	0.045	0.0	0.0	0.041	0.061	0.034	0.028	0.058	0.066	0.026	0.019	0.037	0.047
>189|1
0.054	0.107	0.027	0.0	0.054	0.107	0.0	0.027	0.0	0.027	0.0	0.027	0.0	0.0	0.0	0.027	0.0	0.054	0.027	0.027	0.039	0.035	0.04	0.051	0.04	0.037	0.049	0.042	0.053	0.052
>190|1
0.017	0.017	0.035	0.017	0.0	0.07	0.0	0.0	0.0	0.0	0.0	0.017	0.0	0.0	0.052	0.035	0.035	0.087	0.0	0.052	0.038	0.064	0.06	0.062	0.068	0.059	0.054	0.057	0.05	0.048
>191|1
0.052	0.0	0.026	0.0	0.026	0.052	0.026	0.105	0.052	0.052	0.026	0.0	0.052	0.0	0.0	0.026	0.0	0.026	0.0	0.026	0.05	0.062	0.035	0.035	0.056	0.049	0.024	0.037	0.052	0.049
>192|1
0.035	0.071	0.0	0.0	0.106	0.0	0.0	0.0	0.106	0.106	0.0	0.0	0.035	0.0	0.0	0.0	0.0	0.035	0.0	0.0	0.044	0.06	0.04	0.031	0.05	0.052	0.062	0.073	0.043	0.049
>193|1
0.025	0.038	0.044	0.031	0.019	0.019	0.013	0.038	0.038	0.075	0.006	0.006	0.025	0.038	0.019	0.006	0.019	0.038	0.0	0.013	0.046	0.05	0.049	0.041	0.05	0.054	0.044	0.049	0.053	0.058
>194|1
0.024	0.072	0.012	0.012	0.024	0.072	0.0	0.012	0.048	0.0	0.0	0.024	0.024	0.024	0.048	0.012	0.0	0.012	0.012	0.024	0.058	0.052	0.057	0.059	0.052	0.038	0.055	0.062	0.052	0.059
>195|1
0.028	0.0	0.0	0.014	0.085	0.043	0.0	0.0	0.099	0.028	0.014	0.014	0.0	0.0	0.043	0.014	0.0	0.0	0.0	0.014	0.053	0.068	0.065	0.056	0.079	0.063	0.03	0.049	0.071	0.07
>196|1
0.0	0.0	0.039	0.039	0.039	0.039	0.09	0.0	0.039	0.013	0.0	0.026	0.013	0.0	0.051	0.039	0.0	0.0	0.0	0.064	0.045	0.061	0.058	0.05	0.047	0.042	0.047	0.056	0.056	0.049
>197|1
0.031	0.021	0.01	0.01	0.0	0.052	0.01	0.031	0.042	0.01	0.0	0.042	0.021	0.021	0.021	0.01	0.01	0.031	0.042	0.031	0.054	0.065	0.051	0.051	0.057	0.052	0.056	0.059	0.059	0.051
>198|1
0.044	0.0	0.0	0.0	0.087	0.0	0.0	0.0	0.044	0.218	0.0	0.0	0.044	0.0	0.0	0.087	0.0	0.044	0.0	0.0	0.038	0.061	0.031	0.014	0.045	0.056	0.033	0.029	0.067	0.06
>199|1
0.0	0.0	0.0	0.0	0.051	0.102	0.0	0.0	0.0	0.307	0.0	0.0	0.051	0.0	0.0	0.051	0.051	0.051	0.0	0.0	0.029	0.045	0.025	0.011	0.036	0.05	0.02	0.019	0.046	0.053
>200|1
0.097	0.048	0.0	0.0	0.024	0.024	0.0	0.048	0.073	0.073	0.0	0.0	0.048	0.0	0.0	0.024	0.024	0.097	0.0	0.0	0.033	0.047	0.035	0.029	0.045	0.053	0.04	0.031	0.052	0.054
>201|1
0.057	0.01	0.031	0.005	0.016	0.047	0.01	0.005	0.021	0.021	0.0	0.031	0.026	0.026	0.026	0.026	0.041	0.057	0.016	0.026	0.051	0.045	0.049	0.05	0.055	0.054	0.053	0.052	0.053	0.042
>202|1
0.04	0.0	0.01	0.04	0.02	0.059	0.0	0.0	0.109	0.069	0.01	0.0	0.01	0.01	0.01	0.03	0.0	0.01	0.01	0.01	0.063	0.061	0.06	0.039	0.055	0.054	0.063	0.041	0.063	0.055
>203|1
0.058	0.086	0.0	0.014	0.043	0.043	0.0	0.014	0.0	0.014	0.0	0.0	0.014	0.0	0.058	0.0	0.014	0.014	0.014	0.043	0.053	0.059	0.069	0.066	0.057	0.052	0.064	0.06	0.055	0.035
>204|1
0.067	0.081	0.027	0.0	0.013	0.081	0.013	0.027	0.027	0.027	0.0	0.027	0.013	0.0	0.027	0.04	0.013	0.04	0.0	0.013	0.048	0.049	0.042	0.051	0.052	0.047	0.044	0.045	0.049	0.034
>205|1
0.033	0.0	0.008	0.065	0.016	0.041	0.008	0.033	0.049	0.016	0.0	0.016	0.073	0.033	0.033	0.016	0.008	0.008	0.008	0.041	0.046	0.052	0.047	0.058	0.045	0.05	0.045	0.046	0.056	0.05
>206|1
0.088	0.044	0.0	0.0	0.044	0.022	0.0	0.044	0.088	0.111	0.0	0.0	0.044	0.0	0.0	0.0	0.022	0.022	0.0	0.0	0.037	0.051	0.042	0.034	0.053	0.055	0.042	0.038	0.057	0.06
>207|1
0.0	0.172	0.0	0.0	0.043	0.043	0.0	0.0	0.0	0.021	0.021	0.0	0.021	0.0	0.107	0.0	0.0	0.0	0.0	0.0	0.07	0.046	0.067	0.042	0.072	0.055	0.058	0.054	0.052	0.053
>208|1
0.023	0.0	0.023	0.0	0.046	0.046	0.0	0.0	0.069	0.093	0.023	0.069	0.023	0.0	0.0	0.0	0.0	0.046	0.0	0.046	0.051	0.057	0.049	0.059	0.054	0.047	0.051	0.057	0.042	0.024
>209|1
0.022	0.065	0.022	0.033	0.011	0.065	0.011	0.011	0.033	0.011	0.0	0.043	0.0	0.0	0.022	0.033	0.022	0.022	0.033	0.022	0.046	0.057	0.052	0.044	0.044	0.053	0.058	0.06	0.053	0.054
>210|1
0.067	0.081	0.04	0.0	0.0	0.04	0.027	0.0	0.027	0.067	0.013	0.04	0.0	0.0	0.027	0.04	0.013	0.04	0.013	0.0	0.039	0.049	0.045	0.045	0.058	0.046	0.044	0.052	0.05	0.035
>211|1
0.0	0.0	0.0	0.0	0.036	0.071	0.0	0.107	0.036	0.178	0.0	0.0	0.071	0.0	0.0	0.036	0.0	0.071	0.0	0.0	0.037	0.05	0.036	0.021	0.043	0.056	0.032	0.023	0.054	0.046
>212|1
0.0	0.085	0.0	0.028	0.0	0.042	0.014	0.014	0.099	0.028	0.0	0.014	0.056	0.0	0.028	0.0	0.028	0.042	0.0	0.028	0.055	0.044	0.055	0.046	0.05	0.052	0.049	0.05	0.052	0.04
>213|1
0.046	0.0	0.0	0.0	0.046	0.046	0.0	0.046	0.046	0.182	0.0	0.0	0.046	0.0	0.0	0.046	0.0	0.0	0.0	0.046	0.041	0.063	0.035	0.03	0.047	0.05	0.037	0.075	0.07	0.005
>214|1
0.081	0.054	0.0	0.0	0.081	0.0	0.0	0.027	0.081	0.163	0.0	0.0	0.027	0.0	0.0	0.027	0.0	0.0	0.0	0.0	0.038	0.048	0.041	0.043	0.048	0.058	0.04	0.027	0.057	0.058
>215|1
0.0	0.0	0.0	0.0	0.079	0.119	0.0	0.04	0.04	0.119	0.04	0.0	0.0	0.0	0.0	0.04	0.0	0.04	0.0	0.0	0.043	0.061	0.033	0.027	0.049	0.053	0.025	0.033	0.092	0.068
>216|1
0.013	0.076	0.038	0.013	0.025	0.102	0.025	0.013	0.063	0.0	0.013	0.025	0.013	0.013	0.0	0.013	0.0	0.013	0.013	0.038	0.053	0.055	0.04	0.055	0.051	0.032	0.056	0.056	0.043	0.051
>217|1
0.055	0.028	0.014	0.0	0.028	0.055	0.014	0.0	0.028	0.042	0.0	0.042	0.014	0.0	0.028	0.042	0.055	0.069	0.0	0.0	0.04	0.056	0.058	0.051	0.048	0.044	0.034	0.043	0.054	0.058
>218|1
0.093	0.046	0.0	0.0	0.046	0.023	0.0	0.093	0.093	0.07	0.0	0.023	0.023	0.0	0.0	0.0	0.046	0.0	0.0	0.0	0.047	0.058	0.041	0.027	0.047	0.05	0.034	0.034	0.048	0.056
>219|1
0.049	0.073	0.024	0.012	0.024	0.049	0.024	0.012	0.061	0.024	0.0	0.024	0.0	0.0	0.037	0.049	0.012	0.012	0.0	0.0	0.057	0.05	0.056	0.043	0.059	0.051	0.049	0.044	0.06	0.043
>220|1
0.0	0.083	0.0	0.028	0.014	0.014	0.014	0.0	0.055	0.014	0.014	0.042	0.0	0.014	0.042	0.069	0.055	0.028	0.014	0.014	0.054	0.045	0.048	0.05	0.055	0.044	0.035	0.05	0.049	0.057
>221|1
0.086	0.043	0.0	0.0	0.086	0.022	0.0	0.065	0.086	0.043	0.022	0.0	0.043	0.0	0.0	0.022	0.0	0.0	0.0	0.0	0.04	0.057	0.042	0.031	0.056	0.061	0.042	0.035	0.06	0.059
>222|1
0.072	0.072	0.024	0.024	0.0	0.072	0.024	0.012	0.048	0.072	0.012	0.0	0.012	0.0	0.0	0.012	0.024	0.048	0.012	0.012	0.043	0.051	0.043	0.049	0.054	0.039	0.036	0.045	0.051	0.039
>223|1
0.0	0.183	0.023	0.0	0.046	0.046	0.046	0.046	0.046	0.0	0.023	0.0	0.023	0.0	0.023	0.023	0.046	0.0	0.0	0.0	0.036	0.031	0.045	0.049	0.044	0.037	0.049	0.041	0.049	0.046
>224|1
0.042	0.042	0.0	0.0	0.063	0.021	0.0	0.042	0.084	0.042	0.0	0.021	0.042	0.021	0.0	0.042	0.0	0.063	0.0	0.0	0.037	0.055	0.051	0.043	0.049	0.053	0.04	0.04	0.048	0.061
>225|1
0.0	0.126	0.0	0.021	0.0	0.105	0.0	0.0	0.0	0.021	0.0	0.042	0.063	0.0	0.021	0.021	0.105	0.063	0.021	0.0	0.038	0.041	0.05	0.042	0.047	0.028	0.038	0.027	0.039	0.041
>226|1
0.069	0.069	0.035	0.0	0.0	0.035	0.0	0.086	0.052	0.017	0.0	0.035	0.017	0.0	0.017	0.035	0.069	0.017	0.017	0.0	0.044	0.06	0.046	0.031	0.04	0.049	0.042	0.032	0.039	0.045
>227|1
0.03	0.09	0.03	0.0	0.0	0.06	0.0	0.0	0.03	0.03	0.0	0.06	0.03	0.0	0.0	0.09	0.06	0.0	0.03	0.03	0.048	0.03	0.045	0.045	0.037	0.047	0.047	0.037	0.05	0.042
>228|1
0.019	0.111	0.0	0.037	0.037	0.037	0.0	0.056	0.037	0.019	0.019	0.037	0.0	0.0	0.0	0.093	0.019	0.037	0.0	0.019	0.043	0.035	0.043	0.043	0.045	0.047	0.045	0.043	0.041	0.042
>229|1
0.029	0.0	0.029	0.01	0.029	0.038	0.0	0.029	0.058	0.019	0.0	0.019	0.01	0.01	0.01	0.048	0.01	0.038	0.029	0.038	0.05	0.06	0.054	0.051	0.052	0.049	0.043	0.052	0.069	0.069
>230|1
0.046	0.0	0.023	0.0	0.023	0.046	0.046	0.091	0.023	0.069	0.0	0.0	0.0	0.0	0.069	0.023	0.0	0.0	0.0	0.0	0.037	0.057	0.048	0.042	0.055	0.062	0.052	0.061	0.064	0.065
>231|1
0.022	0.0	0.0	0.0	0.086	0.065	0.065	0.043	0.022	0.043	0.0	0.022	0.0	0.0	0.022	0.022	0.0	0.065	0.0	0.022	0.065	0.061	0.051	0.032	0.066	0.053	0.023	0.044	0.065	0.044
>232|1
0.007	0.066	0.02	0.033	0.013	0.059	0.02	0.007	0.059	0.039	0.007	0.013	0.033	0.0	0.046	0.02	0.013	0.02	0.007	0.013	0.046	0.049	0.048	0.053	0.052	0.048	0.051	0.052	0.052	0.055
>233|1
0.0	0.085	0.014	0.0	0.014	0.085	0.028	0.014	0.014	0.042	0.014	0.0	0.028	0.042	0.042	0.028	0.057	0.0	0.0	0.028	0.047	0.043	0.044	0.04	0.045	0.048	0.045	0.045	0.05	0.054
>234|1
0.044	0.109	0.022	0.022	0.011	0.011	0.011	0.022	0.087	0.022	0.0	0.011	0.022	0.0	0.022	0.033	0.033	0.022	0.011	0.0	0.046	0.057	0.055	0.056	0.045	0.046	0.051	0.042	0.047	0.042
>235|1
0.087	0.044	0.0	0.0	0.065	0.0	0.0	0.087	0.087	0.022	0.0	0.0	0.022	0.0	0.0	0.065	0.0	0.044	0.0	0.0	0.04	0.052	0.045	0.028	0.055	0.059	0.045	0.034	0.059	0.06
>236|1
0.0	0.099	0.0	0.0	0.012	0.099	0.037	0.012	0.012	0.012	0.0	0.025	0.037	0.012	0.049	0.012	0.012	0.0	0.012	0.037	0.051	0.058	0.047	0.043	0.05	0.055	0.048	0.048	0.058	0.06
>237|1
0.0	0.0	0.0	0.0	0.078	0.078	0.0	0.116	0.0	0.078	0.0	0.039	0.039	0.0	0.039	0.0	0.0	0.039	0.0	0.0	0.053	0.069	0.048	0.05	0.068	0.082	0.019	0.018	0.045	0.044
>238|1
0.046	0.0	0.0	0.0	0.046	0.046	0.0	0.091	0.046	0.182	0.0	0.0	0.046	0.0	0.0	0.046	0.0	0.046	0.0	0.0	0.041	0.057	0.035	0.027	0.058	0.067	0.019	0.016	0.041	0.047
>239|1
0.082	0.0	0.0	0.0	0.082	0.041	0.0	0.041	0.041	0.124	0.041	0.0	0.0	0.0	0.0	0.082	0.0	0.0	0.0	0.0	0.04	0.063	0.029	0.016	0.05	0.053	0.027	0.037	0.085	0.066
>240|1
0.057	0.023	0.0	0.023	0.0	0.091	0.011	0.034	0.023	0.011	0.011	0.057	0.0	0.0	0.011	0.045	0.011	0.034	0.034	0.023	0.054	0.048	0.048	0.053	0.049	0.066	0.042	0.054	0.048	0.04
>241|1
0.0	0.0	0.0	0.0	0.125	0.0	0.0	0.042	0.042	0.167	0.0	0.0	0.042	0.0	0.0	0.083	0.042	0.042	0.0	0.0	0.039	0.055	0.033	0.017	0.037	0.049	0.042	0.023	0.049	0.072
>242|1
0.034	0.101	0.0	0.017	0.0	0.118	0.034	0.017	0.05	0.0	0.0	0.034	0.034	0.034	0.0	0.034	0.0	0.034	0.017	0.017	0.046	0.046	0.05	0.043	0.041	0.052	0.037	0.043	0.042	0.03
>243|1
0.04	0.0	0.057	0.046	0.006	0.023	0.057	0.011	0.046	0.069	0.0	0.0	0.017	0.017	0.029	0.011	0.029	0.017	0.0	0.017	0.052	0.056	0.049	0.048	0.05	0.056	0.046	0.056	0.043	0.049
>244|1
0.046	0.0	0.015	0.015	0.031	0.061	0.0	0.015	0.031	0.015	0.0	0.015	0.0	0.0	0.061	0.031	0.0	0.0	0.031	0.015	0.06	0.085	0.051	0.047	0.072	0.07	0.045	0.055	0.057	0.074
>245|1
0.019	0.114	0.0	0.019	0.019	0.057	0.0	0.057	0.038	0.0	0.0	0.019	0.038	0.0	0.019	0.076	0.019	0.057	0.0	0.019	0.04	0.042	0.055	0.04	0.043	0.034	0.043	0.043	0.044	0.045
>246|1
0.04	0.02	0.0	0.02	0.06	0.02	0.0	0.02	0.06	0.0	0.0	0.02	0.02	0.02	0.04	0.06	0.0	0.0	0.0	0.06	0.055	0.066	0.05	0.055	0.037	0.048	0.068	0.058	0.059	0.044
>247|1
0.081	0.054	0.0	0.0	0.054	0.054	0.0	0.054	0.081	0.054	0.027	0.0	0.027	0.0	0.0	0.0	0.027	0.027	0.0	0.0	0.036	0.059	0.041	0.034	0.052	0.061	0.036	0.036	0.055	0.05
>248|1
0.0	0.109	0.0	0.018	0.018	0.054	0.0	0.054	0.036	0.036	0.0	0.036	0.036	0.0	0.018	0.054	0.018	0.054	0.0	0.018	0.037	0.045	0.058	0.041	0.046	0.036	0.042	0.042	0.047	0.044
>249|1
0.0	0.0	0.0	0.0	0.051	0.051	0.0	0.051	0.0	0.256	0.0	0.051	0.051	0.0	0.0	0.051	0.051	0.051	0.0	0.0	0.028	0.049	0.024	0.016	0.038	0.044	0.019	0.019	0.046	0.053
>250|1
0.028	0.055	0.0	0.0	0.0	0.055	0.0	0.0	0.083	0.028	0.0	0.0	0.083	0.0	0.028	0.028	0.028	0.0	0.028	0.028	0.059	0.067	0.055	0.036	0.035	0.074	0.055	0.046	0.055	0.047